1  66
1  4  -1.11596  -10.1741  -1.67065  10.4785  1.5  0  0  0  0.164102  104  0
2  21  18.4988  35.9714  -102.589  110.275  0  0  0  0  0  101  109
3  2  -7.44563  7.73499  -12.9834  16.8507  0.33  0  0  0  0.0514821  103  0
4  21  -13.0435  -37.6399  -34.787  52.887  0  0  0  0  0  114  104
5  21  1.26228  0.999345  -0.600063  1.71818  0  0  0  0  0.39061  109  103
6  21  2.3721  -0.668558  -2.83186  3.7541  0  0  0  0  0.130475  102  120
7  -4  0.821031  0.0261349  15.3742  15.469  1.5  0  0  0  7.0377  0  136
8  21  -0.457685  -1.00472  2.87212  3.07701  0  0  0  0  0.188713  105  139
9  21  0.387439  4.46955  -24.0625  24.4772  0  0  0  0  0  107  150
10  21  -2.03121  -1.8972  -1.60119  3.20765  0  0  0  0  0.0724954  132  169
11  21  -1.3856  -3.303  30.542  30.7513  0  0  0  0  0  106  147
12  21  0.174764  0.443484  -0.160467  0.502962  0  0  0  0  0.848101  177  121
13  21  -4.68481  6.01081  69.8973  70.3115  0  0  0  0  32.8684  110  112
14  21  2.22195  -2.75099  16.059  16.4437  0  0  0  0  33.091  112  118
15  21  0.420556  -0.771058  1.82016  2.02099  0  0  0  0  33.8086  115  101
16  2  0.889405  -1.32501  216.278  216.284  0.33  0  0  0  0  111  0
17  21  0.0374201  2.04405  34.005  34.0664  0  0  0  0  0  113  110
18  21  -2.01354  -0.502579  -1.9122  2.82196  0  0  0  0  0.141711  120  114
19  21  4.14305  -1.54166  13.9178  14.603  0  0  0  0  0  118  115
20  21  0.797601  1.34855  -788.467  788.469  0  0  0  0  0  119  102
21  21  0.415644  1.19833  -1.93905  2.31704  0  0  0  0  68.7815  124  107
22  21  0.198947  -1.35925  -29.9922  30.0237  0  0  0  0  68.2805  122  151
23  21  0.883414  1.7932  -0.784523  2.14743  0  0  0  0  0  121  157
24  21  0.906964  -0.0154  -48.9001  48.9085  0  0  0  0  0  123  154
25  21  2.27749  -2.15168  12.7256  13.1057  0  0  0  0  0.522143  128  106
26  21  -1.61461  0.456779  97.9599  97.9743  0  0  0  0  0  126  142
27  -2  3.90778  1.10357  3.55039  5.40396  0.33  0  0  0  0.352444  0  130
28  21  -2.43395  -2.44331  -38.9383  39.0908  0  0  0  0  0  131  122
29  1  3.08834  3.06725  85.2717  85.3833  0.33  0  0  0  0  134  0
30  21  -3.28458  -1.03459  -41.6081  41.7503  0  0  0  0  2.79229  133  131
31  21  1.39304  -0.280998  -4.34133  4.568  0  0  0  0  50.3498  135  144
32  21  0.0918002  3.02211  -83.1176  83.1726  0  0  0  0  0  154  152
33  21  0.569461  1.67768  28.9753  29.0295  0  0  0  0  0  140  141
34  21  -0.234356  -1.95442  48.988  49.0275  0  0  0  0  2.08679  138  170
35  21  -1.92772  1.11334  1.48132  2.67393  0  0  0  0  214.533  139  162
36  21  -0.0937415  -1.61883  22.0027  22.0624  0  0  0  0  5.12573  147  148
37  21  1.97447  -0.891754  -19.2171  19.3388  0  0  0  0  0  146  135
38  21  -2.93937  -1.07852  13.3498  13.712  0  0  0  0  1706.49  141  105
39  21  0.299034  1.63542  -0.238289  1.67952  0  0  0  0  1706.68  136  177
40  21  0.225375  -0.738994  1.05112  1.30451  0  0  0  0  5.06377  144  128
41  21  0.697542  0.265746  14.5607  14.5798  0  0  0  0  1695.81  142  140
42  21  0.107622  -1.95515  -3.27126  3.81252  0  0  0  0  0  161  156
43  21  -0.781884  0.0117564  83.2934  83.297  0  0  0  0  0  178  126
44  21  -1.52887  2.13701  -33.4823  33.5853  0  0  0  0  1.94012  152  108
45  21  -1.13959  -1.89941  -327.986  327.993  0  0  0  0  0  151  123
46  21  -1.72455  0.386173  1.05836  2.05993  0  0  0  0  0  162  132
47  21  0.651283  -0.551312  -10.7629  10.7967  0  0  0  0  5.96851  150  146
48  21  -0.572984  -0.679454  -5.57338  5.6438  0  0  0  0  0  156  133
49  21  0.217137  0.870649  -0.70927  1.14378  0  0  0  0  0.413915  157  124
50  21  1.26204  -0.058588  761.824  761.825  0  0  0  0  0  158  178
51  2  -1.03654  -0.11771  136.821  136.825  0.33  0  0  0  38.9524  155  0
52  21  0.47202  0.628601  72.7918  72.7961  0  0  0  0  0  170  158
53  21  -0.730026  -0.420281  -0.974046  1.28777  0  0  0  0  0.51738  169  161
54  2  0.119415  -0.688832  33.6281  33.637  0.33  0  0  0  0  130  0
55  2  -0.16931  0.874268  25.2996  25.3174  0.33  0  0  0  8.65898  148  0
56  2  -0.0275229  1.06182  66.9205  66.9297  0.33  0  0  0  0  175  0
57  -1  -0.885143  -1.2138  -54.1047  54.1266  0.33  0  0  0  16.4238  0  175
58  2  -0.176083  -0.593088  569.116  569.117  0.33  0  0  0  0  179  0
59  2101  0.280775  0.985681  -650.95  650.951  0.57933  0  0  0  0  0  155
60  -2  0.76802  0.302705  -18.5158  18.5371  0.33  0  0  0  0  0  134
61  -2  0.477188  0.526017  -1.8158  1.97749  0.33  0  0  0  0  0  113
62  -2  -0.0847234  0.48033  -2.48897  2.55769  0.33  0  0  0  0  0  119
63  1  0.252251  0.67742  -130.059  130.062  0.33  0  0  0  0  108  0
64  -3  0.1  0.2  -0.1  0.556776  0.5  0  0  0  100  0  111
65  -3  0.1  0.2  -0.1  0.556776  0.5  0  0  0  100  0  138
66  -3  0.1  0.2  -0.1  0.556776  0.5  0  0  0  100  0  179
2  36
1  21  7.5617  -9.58753  12.52  17.4886  0  0  0  0  0  122  113
2  2  -61.3108  -20.0646  -436.652  441.392  0.33  0  0  0  0  102  0
3  2  32.995  28.2389  369.014  371.561  0.33  0  0  0  0  111  0
4  21  1.62232  3.34802  -153.245  153.29  0  0  0  0  1.59507  104  109
5  21  7.36266  -3.92382  -53.5627  54.2085  0  0  0  0  1.98304  109  101
6  21  6.12481  1.24984  33.0931  33.6783  0  0  0  0  1.17902  103  111
7  21  6.08212  -2.3381  6.09204  8.92031  0  0  0  0  0.439985  113  103
8  21  -0.369001  2.27901  -512.377  512.382  0  0  0  0  72.4231  117  104
9  21  -0.0780782  0.0105753  -1.93456  1.93616  0  0  0  0  0.339931  101  122
10  21  -5.01365  1.5041  9.38909  10.7496  0  0  0  0  52.5337  108  105
11  21  2.80867  -1.61644  -2.65032  4.18637  0  0  0  0  52.6545  110  126
12  4  -3.77784  2.88258  19.9528  20.5656  1.5  0  0  0  51.6219  105  0
13  21  6.48115  -3.28961  7.41991  10.3866  0  0  0  0  52.5618  118  114
14  -4  2.75539  -0.963158  145.625  145.662  1.5  0  0  0  0  0  112
15  21  -1.13338  -0.546434  8.10149  8.19862  0  0  0  0  52.68  106  118
16  21  3.07062  -1.03265  0.0800383  3.2406  0  0  0  0  0.178381  114  110
17  2  -4.34269  -0.190339  -62.4641  62.616  0.33  0  0  0  0  112  0
18  21  -0.072356  1.70944  0.192009  1.72171  0  0  0  0  0.436757  132  123
19  21  0.20883  0.739144  -4.40581  4.47226  0  0  0  0  2.75171  133  130
20  21  1.83745  1.99866  -3.45141  4.39126  0  0  0  0  0.256111  119  132
21  1  -0.950358  2.69022  -360.673  360.685  0.33  0  0  0  0  116  0
22  21  0.448267  -1.20686  -9.44529  9.53263  0  0  0  0  0  127  128
23  21  0.751953  1.3336  1.65534  2.25479  0  0  0  0  201735  123  108
24  21  -0.522858  -3.81409  -0.983075  3.9733  0  0  0  0  201735  126  127
25  3  -0.713702  -0.640352  -1.40569  1.77352  0.5  0  0  0  3.1631  125  0
26  21  -1.76923  0.59481  626.538  626.541  0  0  0  0  0  124  134
27  21  0.828925  -2.22407  -89.0591  89.0908  0  0  0  0  0  128  124
28  21  -0.049178  1.92313  -10.9524  11.1201  0  0  0  0  1.02655  130  119
29  21  -0.430294  0.145048  16.5694  16.5757  0  0  0  0  0  134  106
30  2101  0.525601  -0.0696724  1237.21  1237.21  0.57933  0  0  0  0  0  125
31  2  -0.367137  0.830052  -67.0932  67.1002  0.33  0  0  0  0  137  0
32  -2  -0.662292  0.096514  -352.129  352.13  0.33  0  0  0  0  0  117
33  -3  0.0973911  -0.0659687  -370.967  370.967  0.5  0  0  0  0  0  116
34  -3  0.1  0.2  -0.1  0.556776  0.5  0  0  0  100  0  102
35  -3  0.1  0.2  -0.1  0.556776  0.5  0  0  0  100  0  133
36  -3  0.1  0.2  -0.1  0.556776  0.5  0  0  0  100  0  137
3  31
1  21  6.06307  42.5983  -85.6182  95.822  0  0  0  0  0  117  104
2  21  -16.0163  -39.3797  -152.074  157.904  0  0  0  0  0  118  103
3  21  7.17906  3.74455  -9.92627  12.8098  0  0  0  0  42.9981  105  102
4  21  -0.0459974  2.33603  11.112  11.355  0  0  0  0  0.0570867  102  107
5  21  11.5022  -4.76615  8.07432  14.8395  0  0  0  0  0  107  106
6  21  -3.19949  -2.26152  -18.9867  19.3867  0  0  0  0  43.3666  103  108
7  21  -2.08674  -3.57372  -35.0159  35.2596  0  0  0  0  43.8212  108  109
8  21  -1.83408  -0.00479623  -0.838243  2.01656  0  0  0  0  0.215029  101  117
9  21  1.32096  -2.16229  -4.12263  4.83906  0  0  0  0  0.454734  104  118
10  21  -1.90584  2.0965  -342.787  342.798  0  0  0  0  0  120  105
11  21  -0.584305  0.357805  14.4536  14.4699  0  0  0  0  6.21175  130  101
12  21  0.45072  -2.10995  3.46862  4.0849  0  0  0  0  47.1673  127  125
13  21  4.96122  -0.319916  -19.1216  19.7574  0  0  0  0  47.0118  112  113
14  21  -1.24358  2.8396  9.76633  10.2465  0  0  0  0  12693.3  119  131
15  21  -2.60202  -0.0727712  0.658009  2.68492  0  0  0  0  47.3109  113  127
16  21  -2.01925  -1.295  -82.9811  83.0157  0  0  0  0  0  111  128
17  21  0.303962  -1.06747  338.438  338.439  0  0  0  0  0  110  130
18  2  3.09236  -1.6323  900.103  900.11  0.33  0  0  0  0  109  0
19  21  -2.47574  0.431032  198.414  198.43  0  0  0  0  9.00862  115  119
20  21  -1.76047  0.647673  -8.12569  8.3394  0  0  0  0  1840.79  131  129
21  21  2.03588  0.320246  -180.056  180.067  0  0  0  0  0  106  123
22  22  -0.380567  0.611262  2.43376  2.53804  0  0  0  0  1.93278  0  0
23  21  1.30361  2.14389  -11.3109  11.5858  0  0  0  0  0.37943  121  112
24  21  -1.80242  -1.76362  -12.0926  12.3527  0  0  0  0  0  124  111
25  21  2.98187  1.52466  21.7074  21.9643  0  0  0  0  13.7199  125  110
26  21  -0.0746011  0.0264497  49.6106  49.6106  0  0  0  0  0  126  115
27  21  -1.47218  0.790192  -14.4413  14.5376  0  0  0  0  3.42332  129  124
28  21  -0.791494  0.764053  -32.3443  32.363  0  0  0  0  65.4215  123  121
29  2101  -0.718434  0.149477  934.986  934.987  0.57933  0  0  0  0  0  126
30  2101  0.167835  -0.239185  -813.772  813.772  0.57933  0  0  0  0  0  120
31  2  -0.349216  -0.733363  -669.612  669.613  0.33  0  0  0  0  128  0
4  27
1  21  -28.0226  -0.339973  56.661  63.2128  0  0  0  0  0.541392  101  109
2  3  18.7075  3.56108  333.178  333.722  0.5  0  0  0  1.62115  103  0
3  5  5.74522  14.7234  341.903  342.302  4.8  0  0  0  3.25211  102  0
4  21  7.388  -23.931  1.96385  25.1223  0  0  0  0  27.0643  106  119
5  21  5.94339  7.24575  -254.413  254.586  0  0  0  0  0  115  107
6  -3  25.9515  -10.9233  439.626  440.527  0.5  0  0  0  0  0  102
7  21  -25.0819  -0.637408  68.0171  72.4971  0  0  0  0  0  109  116
8  -5  4.56833  4.88139  348.717  348.815  4.8  0  0  0  0.589595  0  123
9  21  -1.28651  2.76126  -1.53902  3.41295  0  0  0  0  0.11776  104  118
10  21  0.581856  -2.56247  -15.5418  15.7624  0  0  0  0  0.725413  110  115
11  21  -13.4196  6.63239  41.1365  43.7754  0  0  0  0  0.530295  116  113
12  21  0.0305615  -0.387429  6.71267  6.72391  0  0  0  0  27.1182  119  111
13  2  -1.90025  0.0350736  -245.4  245.408  0.33  0  0  0  55.6242  107  0
14  21  0.117035  -2.06852  -9.65319  9.87302  0  0  0  0  3.80777  118  110
15  2  2.60837  0.580958  24.8923  25.0375  0.33  0  0  0  2.94776  112  0
16  4  2.62454  -3.39654  59.2705  59.4447  1.5  0  0  0  0  111  0
17  21  -2.76046  -0.294912  -0.624269  2.8455  0  0  0  0  448.126  113  104
18  21  -1.724  3.79996  -34.4589  34.7106  0  0  0  0  3.31916  114  121
19  -2  -1.70517  -0.0891271  18.5383  18.6197  0.33  0  0  0  3.8919  0  125
20  -4  0.454753  -0.929234  79.4017  79.4226  1.5  0  0  0  136.854  0  103
21  21  -0.446772  1.36754  -11.7787  11.8662  0  0  0  0  451.222  121  106
22  21  2.48452  -0.855061  -251.895  251.909  0  0  0  0  0  117  114
23  21  0.559319  0.531018  119.93  119.933  0  0  0  0  0  123  105
24  21  -0.72262  -0.295596  13.337  13.3598  0  0  0  0  7.87165  125  101
25  2  0.0538057  0.41121  -3.59551  3.63436  0.33  0  0  0  0  105  0
26  2101  0.270825  0.429297  534.546  534.546  0.57933  0  0  0  0  0  112
27  2101  -1.01957  -0.249762  -1658.93  1658.93  0.57933  0  0  0  0  0  117
5  29
1  21  6.43063  -19.0036  546.112  546.48  0  0  0  0  0  101  104
2  21  -26.0427  36.7981  8.50862  45.8772  0  0  0  0  0  103  102
3  3  16.8922  -19.2221  133.433  135.866  0.5  0  0  0  0.148384  104  0
4  21  0.865359  2.89841  82.4536  82.5091  0  0  0  0  3.91798  105  111
5  21  5.95209  -3.42322  209.136  209.249  0  0  0  0  1.50049  111  112
6  21  0.769715  -1.67505  16.1008  16.206  0  0  0  0  4.78703  112  101
7  -3  -1.30613  0.476497  1.36275  2.01  0.5  0  0  0  0.447904  0  103
8  21  -0.672963  1.34265  0.772296  1.68879  0  0  0  0  0.246499  102  121
9  21  0.512179  0.716464  -2.66711  2.80876  0  0  0  0  1.58384  121  114
10  21  -3.2489  -1.62784  158.07  158.111  0  0  0  0  0  106  108
11  3  3.49298  0.643232  7.13318  7.98417  0.5  0  0  0  0.234744  107  0
12  21  1.90708  0.369451  51.4055  51.4422  0  0  0  0  4.67458  116  109
13  -3  1.9301  -1.80192  32.9804  33.0897  0.5  0  0  0  729.992  0  113
14  21  -2.58022  1.84454  60.5846  60.6676  0  0  0  0  2.55546  108  116
15  21  -1.60552  0.851685  3.45756  3.90612  0  0  0  0  728.044  120  106
16  21  0.341174  -1.14436  -23.1297  23.1605  0  0  0  0  0  123  120
17  2  -4.38472  2.04957  170.119  170.189  0.33  0  0  0  0  114  0
18  21  1.98794  0.686443  -2.4681  3.24263  0  0  0  0  0.2132  113  124
19  21  0.463982  -0.0243113  -7.40433  7.41889  0  0  0  0  3905.56  124  117
20  2  -0.700921  0.200198  -103.954  103.957  0.33  0  0  0  0  115  0
21  2  2.4442  -2.32609  6.01215  6.90215  0.33  0  0  0  0.604948  110  0
22  21  -2.07044  1.51175  -460.382  460.389  0  0  0  0  0  117  110
23  1  0.162827  -0.289441  317.84  317.84  0.33  0  0  0  0  125  0
24  -2  0.0139767  -0.819884  681.763  681.763  0.33  0  0  0  0  0  125
25  2101  -0.284831  0.604578  -876.574  876.574  0.57933  0  0  0  0  0  123
26  2  -1.2691  0.364239  -1010.67  1010.67  0.33  0  0  0  0  109  0
27  -3  0.1  0.2  -0.1  0.556776  0.5  0  0  0  100  0  105
28  -3  0.1  0.2  -0.1  0.556776  0.5  0  0  0  100  0  107
29  -3  0.1  0.2  -0.1  0.556776  0.5  0  0  0  100  0  115
6  56
1  21  -7.14393  11.9607  -171.005  171.571  0  0  0  0  0  103  112
2  21  -13.5114  -43.8067  -36.9733  58.8949  0  0  0  0  0  104  102
3  21  3.03937  6.62526  -5.37856  9.05874  0  0  0  0  827.594  122  111
4  21  -1.14552  10.535  -79.781  80.4817  0  0  0  0  4.57028  106  103
5  1  -1.17432  7.54537  -404.086  404.158  0.33  0  0  0  0  101  0
6  21  7.59905  -0.200466  -0.392095  7.6118  0  0  0  0  827.653  102  110
7  21  -0.192462  1.41881  -1.32426  1.95031  0  0  0  0  827.933  140  105
8  21  -0.75676  4.36337  -48.0996  48.3031  0  0  0  0  0.841757  112  113
9  21  3.68714  -3.38628  -12.8005  13.7446  0  0  0  0  1.03076  113  104
10  21  5.80665  4.16107  -0.619404  7.17045  0  0  0  0  827.77  110  122
11  21  0.968238  0.967125  -2.29767  2.67434  0  0  0  0  827.644  111  123
12  21  3.01053  -3.37196  -4.83309  6.61756  0  0  0  0  827.757  123  140
13  -1  0.334842  0.823856  227.908  227.91  0.33  0  0  0  0  0  101
14  21  -7.0084  0.782672  -0.212977  7.05518  0  0  0  0  0.0259887  109  152
15  -1  8.85646  2.19989  2.04159  9.357  0.33  0  0  0  0  0  141
16  21  1.10269  -2.8207  -0.393495  3.05403  0  0  0  0  0.156737  107  121
17  21  -0.562554  -0.764764  0.0088177  0.949426  0  0  0  0  0.360028  150  117
18  21  1.83641  3.9188  -195.297  195.345  0  0  0  0  0  116  144
19  21  -2.81776  -2.44913  -2.74928  4.63644  0  0  0  0  0.132397  117  163
20  -1  2.07654  -1.75061  45.9941  46.0754  0.33  0  0  0  0  0  137
21  1  0.284919  -0.0960317  18.8155  18.8208  0.33  0  0  0  104.947  164  0
22  -2  -1.7222  1.66417  -2.66405  3.59743  0.33  0  0  0  316.105  0  120
23  21  -0.288408  -2.83101  -9.59144  10.0047  0  0  0  0  315.996  121  156
24  21  1.7015  1.36489  1.13449  2.45868  0  0  0  0  316.202  141  132
25  21  -0.462893  0.831812  -3.64868  3.77082  0  0  0  0  318.669  156  128
26  2  -0.334365  -0.20773  -44.6684  44.6714  0.33  0  0  0  0  120  0
27  21  -2.92786  0.223714  112.097  112.135  0  0  0  0  2.63736  127  126
28  21  2.5597  -0.320748  107.531  107.562  0  0  0  0  0  126  164
29  21  -0.264434  -0.0589829  6.33757  6.34336  0  0  0  0  35.5139  162  127
30  21  0.0705809  1.98789  -21.2585  21.3514  0  0  0  0  1.62122  128  116
31  21  -0.333975  -3.07403  -156.43  156.461  0  0  0  0  0  131  142
32  21  -2.18154  3.84438  23.6885  24.0974  0  0  0  0  0  132  147
33  21  1.04674  -0.841953  -17.0016  17.0546  0  0  0  0  0.574195  134  161
34  21  -0.77211  0.33823  0.334675  0.906951  0  0  0  0  0.501483  152  139
35  21  -0.409388  -0.0922667  -0.0997538  0.431349  0  0  0  0  0.994396  163  109
36  21  -1.77159  0.924864  0.712615  2.12173  0  0  0  0  0.171962  139  138
37  21  0.0138127  -3.25454  43.9494  44.0698  0  0  0  0  0  137  150
38  21  0.554748  0.413895  7.72361  7.75456  0  0  0  0  2.69622  136  162
39  21  -0.920119  0.754435  1.39412  1.83286  0  0  0  0  0  138  107
40  1  0.164553  -0.406254  3.98621  4.0238  0.33  0  0  0  13.0331  108  0
41  21  1.19452  -2.13671  -123.144  123.168  0  0  0  0  0  142  134
42  21  0.0826399  2.40358  -142.425  142.446  0  0  0  0  4.58179  144  160
43  1  -1.97495  0.242247  9.55936  9.76982  0.33  0  0  0  0.579986  118  0
44  21  1.30546  1.10975  6.82537  7.03715  0  0  0  0  0  147  108
45  21  1.09822  0.127631  -84.954  84.9612  0  0  0  0  0  157  131
46  2  0.720436  0.218012  164.39  164.392  0.33  0  0  0  0  154  0
47  -3  -1.06621  -0.869741  138.235  138.243  0.5  0  0  0  25.131  0  154
48  21  0.116025  -0.368897  -2.80527  2.8318  0  0  0  0  6.45599  161  118
49  21  0.0702504  0.638397  -44.6702  44.6749  0  0  0  0  0  160  157
50  2101  0.212967  0.574698  1334.94  1334.94  0.57933  0  0  0  0  0  136
51  2  0.433261  -0.448902  2.32419  2.42899  0.33  0  0  0  0  105  0
52  -1  -0.414636  -0.146018  214.337  214.337  0.33  0  0  0  0  0  119
53  2203  0.00925691  -0.0513246  -525.45  525.45  0.77133  0  0  0  0  0  168
54  1  -0.165644  0.46981  -127.495  127.496  0.33  0  0  0  0  119  0
55  -2  -0.54896  0.766514  -143.692  143.696  0.33  0  0  0  0  0  106
56  3  0.914881  -0.445031  -58.0264  58.0375  0.5  0  0  0  0  168  0
7  44
1  3  -4.72914  11.8226  -11.2877  17.0235  0.5  0  0  0  0.566578  131  0
2  21  -2.27192  -8.82714  -141.287  141.581  0  0  0  0  0  117  132
3  21  13.8868  0.0846768  -163.296  163.886  0  0  0  0  0.446416  104  139
4  21  0.797672  -2.60631  -2.36473  3.60847  0  0  0  0  24.9624  119  113
5  21  -0.751793  -4.69891  -368.834  368.864  0  0  0  0  11.4344  103  143
6  21  -8.46673  -10.7613  -113.613  114.435  0  0  0  0  1.4242  101  117
7  21  5.27995  5.99723  -12.2188  14.5995  0  0  0  0  24.8425  105  119
8  21  4.93466  -4.0684  -62.5657  62.8917  0  0  0  0  2.47971  121  137
9  21  -12.8123  14.9621  -17.3878  26.2746  0  0  0  0  0  102  131
10  21  1.78636  -1.18062  -0.193262  2.14996  0  0  0  0  24.9839  136  114
11  21  -1.09683  -3.74189  38.0551  38.2543  0  0  0  0  0  142  125
12  21  1.31649  4.62814  11.8196  12.7615  0  0  0  0  458.95  106  109
13  21  -6.13306  -3.45851  3.98278  8.08939  0  0  0  0  458.967  128  135
14  21  0.54952  3.89985  56.2071  56.3449  0  0  0  0  454.771  110  106
15  21  2.16961  -3.25881  2.30598  4.54363  0  0  0  0  2708.06  109  116
16  21  -0.716211  -0.88356  -453.789  453.79  0  0  0  0  0  111  108
17  21  1.46736  -2.40855  -3.5383  4.5248  0  0  0  0  458.957  108  128
18  21  1.86042  0.842832  728.511  728.514  0  0  0  0  0  107  130
19  21  0.541222  1.56526  14.4943  14.5886  0  0  0  0  458.9  135  107
20  21  -1.83676  -0.375154  9.055  9.24703  0  0  0  0  541.692  118  140
21  21  0.00244314  -2.47066  -4.7301  5.33648  0  0  0  0  541.763  113  138
22  21  -1.16788  2.56727  -0.814413  2.93566  0  0  0  0  541.816  115  102
23  21  1.48041  -1.93657  -0.873542  2.5894  0  0  0  0  218.555  114  105
24  21  0.0164463  4.77729  367.099  367.13  0  0  0  0  0  122  146
25  21  0.171972  -1.1586  -109.553  109.56  0  0  0  0  0  143  150
26  21  0.174294  0.117892  102.618  102.619  0  0  0  0  492.975  152  122
27  21  0.0927949  0.246523  -0.143994  0.300198  0  0  0  0  0.451939  126  133
28  21  -0.2881  -1.59283  262.81  262.815  0  0  0  0  0  127  152
29  21  -1.04155  1.7751  -14.9704  15.1112  0  0  0  0  0  129  126
30  21  -1.38098  -0.186408  109.106  109.114  0  0  0  0  29.0734  125  127
31  2  2.09537  -1.92581  161.431  161.456  0.33  0  0  0  0  134  0
32  21  -1.52044  3.79896  -1.42426  4.33271  0  0  0  0  0.231349  133  115
33  21  0.65969  -1.05766  -33.6065  33.6296  0  0  0  0  0  132  103
34  21  1.90819  -1.4175  -23.7559  23.8745  0  0  0  0  0  139  121
35  21  -1.86166  0.287874  2.62885  3.23412  0  0  0  0  0.296555  140  136
36  21  1.82988  0.751229  -12.6095  12.7637  0  0  0  0  3.47938  137  129
37  21  -0.391872  -0.40157  -1.85249  1.9356  0  0  0  0  2160.24  138  101
38  21  1.83527  0.483001  68.1891  68.2155  0  0  0  0  0  146  118
39  21  -0.154922  -1.02494  -323.309  323.311  0  0  0  0  0  150  111
40  21  0.400819  1.29968  -293.932  293.935  0  0  0  0  41.4479  130  104
41  2101  1.03573  -0.101963  366.764  366.766  0.57933  0  0  0  0  0  142
42  -3  -0.431031  -0.103362  184.961  184.962  0.5  0  0  0  0  0  110
43  2103  0.159172  -0.180451  -300.278  300.279  0.77133  0  0  0  0  0  134
44  2  0.600634  -0.0800496  -17.8093  17.8227  0.33  0  0  0  0  116  0
8  63
1  21  7.02275  14.3347  3.97613  16.4503  0  0  0  0  0  104  162
2  21  -18.9625  -22.4919  -29.0912  41.3734  0  0  0  0  0  102  127
3  21  6.11154  6.74324  -2.93105  9.56103  0  0  0  0  39.6677  105  101
4  21  1.94679  3.60917  0.406241  4.12082  0  0  0  0  0.0749466  101  114
5  21  1.34882  3.06959  9.26604  9.85399  0  0  0  0  0.428889  115  140
6  21  0.439527  3.05338  -10.7955  11.2276  0  0  0  0  0.457898  117  158
7  21  4.4697  -4.641  -178.487  178.603  0  0  0  0  0  118  110
8  21  -1.05553  2.40548  -37.0146  37.1077  0  0  0  0  1.15637  103  118
9  21  -2.20753  -5.27314  -3.39047  6.64639  0  0  0  0  0.600053  127  120
10  2  -0.698945  3.34136  26.0381  26.263  0.33  0  0  0  4.84735  109  0
11  1  -4.7489  -8.11224  89.3946  89.8881  0.33  0  0  0  0  119  0
12  21  -1.57792  3.83376  1.84527  4.5379  0  0  0  0  0.0849475  106  147
13  21  6.28598  1.10533  -83.4269  83.6707  0  0  0  0  0  110  117
14  21  -0.406041  2.68981  5.58878  6.21566  0  0  0  0  0.25233  107  152
15  21  0.655527  1.69587  1.54236  2.38423  0  0  0  0  0.289253  128  133
16  21  1.32348  3.84709  -0.00736538  4.06839  0  0  0  0  0.0589812  114  106
17  21  -2.95355  -3.53812  -5.25384  6.98889  0  0  0  0  0  112  102
18  21  1.72302  -0.22987  -3.70974  4.0968  0  0  0  0  1.56597  113  135
19  21  2.61555  -2.49925  0.566166  3.66168  0  0  0  0  0.188742  120  138
20  2  -2.62283  1.18531  -226.826  226.845  0.33  0  0  0  0  121  0
21  21  0.423702  -0.784166  -3.63998  3.74751  0  0  0  0  1.95754  136  126
22  21  -0.0951383  0.600935  -0.971814  1.14656  0  0  0  0  0.282522  162  103
23  21  -4.66739  -2.99894  1.00157  5.63749  0  0  0  0  21284  123  112
24  21  1.51829  -1.3247  -4.99523  5.38631  0  0  0  0  21283.9  126  113
25  21  0.837082  -1.75119  -510.403  510.407  0  0  0  0  0  125  136
26  21  0.0787567  -0.543506  4.21364  4.24928  0  0  0  0  0.327427  129  142
27  2  0.496093  1.37874  -4.89579  5.12101  0.33  0  0  0  0  130  0
28  21  0.84526  -0.405063  -0.151012  0.949392  0  0  0  0  0.376975  138  128
29  21  -0.711668  -0.630343  2.43901  2.61774  0  0  0  0  0.273143  132  123
30  21  2.61598  1.24319  -4.62131  5.45393  0  0  0  0  0  135  105
31  21  0.281802  0.525698  0.15688  0.616751  0  0  0  0  1.02074  133  104
32  21  -0.891357  0.803557  -152.668  152.673  0  0  0  0  0  141  116
33  21  1.6298  -0.187354  5.30816  5.55589  0  0  0  0  1.26889  142  115
34  21  -0.764992  -0.525858  2.4517  2.62156  0  0  0  0  1.643  140  132
35  21  -4.04392  -0.187451  26.1991  26.5101  0  0  0  0  5.49127  146  129
36  21  -2.29767  -0.0175971  -135.818  135.838  0  0  0  0  0  144  141
37  2  0.687685  0.529629  -20.2048  20.2261  0.33  0  0  0  6.66709  131  0
38  21  -0.307242  0.840292  1.13453  1.44487  0  0  0  0  0.287607  147  107
39  2  -0.545674  -1.53849  -3.69759  4.05535  0.33  0  0  0  0  116  0
40  21  1.89007  0.251451  155.972  155.984  0  0  0  0  0  161  166
41  -2  1.4596  0.0357524  -2.1034  2.58165  0.33  0  0  0  0.516081  0  151
42  1  0.255192  -0.647692  -147.059  147.061  0.33  0  0  0  0  151  0
43  2  3.44893  -0.345254  752.738  752.746  0.33  0  0  0  0  153  0
44  21  -0.184551  0.499898  5.60989  5.63514  0  0  0  0  7.52108  152  109
45  2  -0.512508  1.03002  -1.03353  1.58136  0.33  0  0  0  0  154  0
46  21  1.40135  -0.0267813  -500.968  500.97  0  0  0  0  0  157  125
47  21  -0.534265  -0.0918953  -6.14984  6.17368  0  0  0  0  7.7523  158  144
48  21  0.285537  -0.437627  465.324  465.324  0  0  0  0  0  166  164
49  21  -0.19486  0.474571  367.971  367.971  0  0  0  0  303.949  164  146
50  1  0.896223  -0.542238  428.803  428.804  0.33  0  0  0  0  168  0
51  -1  0.703643  0.581675  106.527  106.532  0.33  0  0  0  0  0  161
52  2  0.298375  0.48141  13.2818  13.298  0.33  0  0  0  0  170  0
53  2  -0.0149442  0.159115  -214.242  214.242  0.33  0  0  0  0  171  0
54  -2  -1.01591  0.213313  -96.6725  96.6786  0.33  0  0  0  0  0  130
55  -2  -0.83435  -0.330904  -8.58059  8.63371  0.33  0  0  0  0  0  119
56  -2  -0.805575  -0.32162  -67.6355  67.6419  0.33  0  0  0  0  0  131
57  -2  -0.34027  -0.139163  -10.3101  10.3219  0.33  0  0  0  0  0  157
58  -3  0.1  0.2  -0.1  0.556776  0.5  0  0  0  100  0  121
59  -3  0.1  0.2  -0.1  0.556776  0.5  0  0  0  100  0  153
60  -3  0.1  0.2  -0.1  0.556776  0.5  0  0  0  100  0  154
61  -3  0.1  0.2  -0.1  0.556776  0.5  0  0  0  100  0  168
62  -3  0.1  0.2  -0.1  0.556776  0.5  0  0  0  100  0  170
63  -3  0.1  0.2  -0.1  0.556776  0.5  0  0  0  100  0  171
9  39
1  -4  -60.2032  -11.5634  -297.233  303.493  1.5  0  0  0  0  0  102
2  21  22.1846  11.4562  -112.803  115.533  0  0  0  0  0  103  101
3  21  10.3556  1.20774  -93.4431  94.023  0  0  0  0  0.194965  114  105
4  21  0.910131  -0.772352  -53.0326  53.046  0  0  0  0  0.343353  105  132
5  21  12.1976  -0.0397223  -26.3728  29.057  0  0  0  0  0.331845  104  106
6  1  0.272153  -5.11982  -191.624  191.693  0.33  0  0  0  14.4972  134  0
7  21  11.6648  2.91781  -61.8118  62.9704  0  0  0  0  0.912636  106  131
8  4  -4.24621  -0.120397  19.1203  19.6439  1.5  0  0  0  533.846  113  0
9  21  0.32063  1.59828  -13.6744  13.7713  0  0  0  0  2.03794  131  114
10  21  3.97511  3.69147  -37.799  38.1863  0  0  0  0  1.23062  132  103
11  21  -0.981656  -1.55963  -230.286  230.293  0  0  0  0  5.73172  102  134
12  1  -0.494704  -1.15102  385.981  385.983  0.33  0  0  0  0  101  0
13  21  -1.81633  3.99524  -19.0973  19.5951  0  0  0  0  127.389  110  119
14  21  4.41618  -5.19133  -7.52048  10.1494  0  0  0  0  127.477  108  109
15  21  -1.95552  6.44476  59.1674  59.5495  0  0  0  0  0  107  124
16  21  0.756116  -0.385768  -0.0958604  0.854234  0  0  0  0  127.85  109  121
17  21  0.867177  1.57975  -36.0619  36.1069  0  0  0  0  0  138  129
18  2  3.7469  -1.966  68.0618  68.194  0.33  0  0  0  0  126  0
19  21  -0.308234  -7.92661  0.851342  7.97816  0  0  0  0  0.104309  111  108
20  21  -0.319837  2.75355  -1.08853  2.97812  0  0  0  0  0  119  130
21  21  -1.30326  1.36349  45.6709  45.7098  0  0  0  0  1.35033  112  123
22  21  -0.459656  2.03882  10.6614  10.8643  0  0  0  0  0.896368  130  107
23  21  -0.420348  0.0486463  -2.35889  2.39655  0  0  0  0  2.06262  137  110
24  21  0.367025  2.58486  -17.3357  17.5312  0  0  0  0  0  118  126
25  21  -0.0551224  -6.53367  -14.1147  15.5537  0  0  0  0  0.143198  116  118
26  -2  1.2556  3.33242  11.7137  12.2475  0.33  0  0  0  0  0  127
27  21  -0.769121  -1.78966  5.06252  5.42435  0  0  0  0  0.264094  133  117
28  21  -0.128952  -0.327692  0.76021  0.837812  0  0  0  0  2.99828  117  111
29  21  -3.37259  -1.67218  11.0873  11.709  0  0  0  0  0  123  133
30  21  2.48525  -0.143656  1.2632  2.79156  0  0  0  0  0.108415  121  116
31  -2  -2.74775  0.146253  -10.8182  11.1675  0.33  0  0  0  0.478539  0  104
32  21  2.38315  -0.206375  -39.5405  39.6128  0  0  0  0  0  129  137
33  2  0.398937  0.850833  108.124  108.128  0.33  0  0  0  0  139  0
34  2  0.589822  0.090657  1639.89  1639.89  0.33  0  0  0  0  127  0
35  2  0.614839  0.326808  125.865  125.867  0.33  0  0  0  0  124  0
36  2203  -0.179045  0.041613  -1227.17  1227.17  0.77133  0  0  0  0  0  138
37  -3  0.1  0.2  -0.1  0.556776  0.5  0  0  0  100  0  113
38  -3  0.1  0.2  -0.1  0.556776  0.5  0  0  0  100  0  112
39  -3  0.1  0.2  -0.1  0.556776  0.5  0  0  0  100  0  139
10  35
1  1  -8.54893  -4.20237  107.779  108.2  0.33  0  0  0  0  105  0
2  21  34.4898  11.9721  73.3783  81.9588  0  0  0  0  0  101  115
3  21  -9.33288  6.27519  -113.537  114.093  0  0  0  0  0  104  123
4  21  6.15732  -1.39999  -1.44185  6.477  0  0  0  0  0.491118  128  106
5  21  -16.8934  -6.52443  100.967  102.578  0  0  0  0  0.195337  106  130
6  21  -2.57641  1.33655  6.73471  7.33352  0  0  0  0  0.454056  112  140
7  21  -2.34283  -4.16542  40.7524  41.0316  0  0  0  0  0.812738  108  114
8  21  -1.81627  -3.7921  -1.14896  4.35878  0  0  0  0  0.518454  102  120
9  21  -0.491775  1.32617  0.893704  1.6731  0  0  0  0  0.703345  107  128
10  21  -3.04046  -1.18647  10.426  10.9249  0  0  0  0  2.71627  130  105
11  21  -0.779644  4.4066  -6.66689  8.02953  0  0  0  0  25.5527  110  139
12  2  1.8945  1.54594  -32.3489  32.4429  0.33  0  0  0  25.4156  121  0
13  21  -0.576543  -3.01317  -15.4632  15.7646  0  0  0  0  26.0364  111  109
14  21  0.717615  -1.15314  -3.15553  3.43542  0  0  0  0  1.99387  109  102
15  21  1.75945  -1.21345  -66.2312  66.2657  0  0  0  0  0  133  125
16  21  -0.897878  0.721701  1.08089  1.57967  0  0  0  0  0  140  107
17  21  -4.64583  3.14368  -26.2534  26.846  0  0  0  0  0  117  131
18  21  0.59086  0.473459  2.2582  2.38176  0  0  0  0  0.120809  115  118
19  21  1.49137  -0.668649  3.11419  3.51702  0  0  0  0  782.621  114  101
20  21  -0.609389  -1.17352  -10.5307  10.6134  0  0  0  0  2.12224  131  111
21  21  3.03401  2.09115  126.493  126.547  0  0  0  0  0  138  108
22  21  0.312622  -0.56185  -12.1193  12.1363  0  0  0  0  4.99987  139  133
23  3  -0.248835  -1.03762  0.137598  1.18638  0.5  0  0  0  1721.56  118  0
24  -3  3.68686  3.41582  12.8629  13.819  0.5  0  0  0  1721.39  0  110
25  21  -1.11954  -1.70967  1.60128  2.59623  0  0  0  0  19362.4  120  112
26  21  -1.14947  0.0304817  67.7383  67.7481  0  0  0  0  1686.98  119  135
27  2  -1.0072  -2.72479  639.74  639.747  0.33  0  0  0  0  103  0
28  21  1.07846  -2.51625  -210.421  210.439  0  0  0  0  0  122  103
29  21  -2.89302  2.0172  -17.9869  18.3294  0  0  0  0  0.56317  123  117
30  21  2.81932  -0.745896  -287.328  287.343  0  0  0  0  0  125  122
31  21  1.85833  -0.101773  103.297  103.314  0  0  0  0  0  137  138
32  21  -0.791639  0.681715  35.1766  35.1921  0  0  0  0  6.68091  135  137
33  2101  -0.173536  -1.10014  813.744  813.745  0.57933  0  0  0  0  0  121
34  -1  -0.0341545  -0.0840677  347.404  347.405  0.33  0  0  0  0  0  119
35  2101  0.0790653  -0.363021  -1690.95  1690.95  0.57933  0  0  0  0  0  104
11  41
1  4  20.5716  -28.9786  7.97207  36.4521  1.5  0  0  0  0  102  0
2  21  -0.755483  2.59351  -3.30306  4.26699  0  0  0  0  0.315644  113  114
3  1  -14.0113  10.0263  -292.624  293.131  0.33  0  0  0  0  103  0
4  -4  -1.89723  10.7445  13.844  17.6904  1.5  0  0  0  0.0881078  0  104
5  21  -0.504553  5.70677  -3.61756  6.77558  0  0  0  0  0.187016  101  113
6  21  -4.62306  2.55329  -38.5704  38.9303  0  0  0  0  0  114  103
7  21  -0.413452  3.08087  3.9744  5.04565  0  0  0  0  0.261573  104  115
8  21  0.184458  -0.893449  4.77296  4.85936  0  0  0  0  1.78591  122  101
9  21  -7.62645  0.417313  133.08  133.299  0  0  0  0  0  108  135
10  4  5.21544  2.95987  6.52947  8.99143  1.5  0  0  0  0.0582557  106  0
11  21  -1.73637  -4.33341  3.36114  5.75245  0  0  0  0  0  107  109
12  21  -2.24145  -1.80994  8.44576  8.92361  0  0  0  0  0.507716  110  133
13  21  -3.10295  1.34053  0.126571  3.38251  0  0  0  0  0.0890779  109  124
14  21  2.89627  -0.194169  73.6218  73.679  0  0  0  0  3.9979  105  112
15  -4  6.12097  0.797719  2.18074  6.71627  1.5  0  0  0  0.378202  0  107
16  21  2.0691  0.911119  106.339  106.363  0  0  0  0  16.7766  112  137
17  21  0.0515605  -0.374723  -0.623458  0.72923  0  0  0  0  3.73994  146  119
18  21  0.697283  0.197258  -27.8151  27.8246  0  0  0  0  0  117  126
19  21  0.343807  -0.960297  -0.674276  1.22271  0  0  0  0  0.364356  119  108
20  21  1.29146  -0.712802  2.24993  2.69038  0  0  0  0  0  118  106
21  21  -1.04479  0.568774  -2.94885  3.17975  0  0  0  0  0.698715  120  134
22  1  0.173952  -1.64822  1.5672  2.30476  0.33  0  0  0  1.06036  121  0
23  21  3.60141  -1.85362  -68.5229  68.6425  0  0  0  0  0  126  142
24  21  -0.853013  1.05478  -1.12885  1.76479  0  0  0  0  0.317322  124  120
25  21  -2.25382  0.731139  114.995  115.019  0  0  0  0  0  139  110
26  21  -1.53016  0.9778  -33.3597  33.409  0  0  0  0  0  130  141
27  21  0.98904  -2.19143  -5.83909  6.31471  0  0  0  0  0.414446  128  146
28  21  1.96104  0.216295  219.002  219.01  0  0  0  0  0  137  122
29  21  -1.05819  1.02905  -6.66371  6.82522  0  0  0  0  1.08019  134  132
30  21  1.66094  -0.454197  43.5778  43.6119  0  0  0  0  0  135  105
31  21  -0.992389  -0.417752  -5.06352  5.17674  0  0  0  0  3.97583  138  130
32  21  0.553492  -0.530326  2.57458  2.68627  0  0  0  0  2.25173  133  118
33  21  -0.181349  0.526796  -3.66076  3.70292  0  0  0  0  20.6488  132  138
34  -2  -2.77026  2.38516  0.288997  3.68181  0.33  0  0  0  27938.1  0  128
35  21  0.536971  -1.30981  -10.8791  10.9708  0  0  0  0  27937.2  142  102
36  21  -1.96015  0.786967  -730.414  730.417  0  0  0  0  0  141  117
37  2203  0.588604  -0.412582  1141.5  1141.5  0.77133  0  0  0  0  0  139
38  1  0.488269  -0.582941  532.811  532.811  0.33  0  0  0  0  115  0
39  -1  0.398794  -0.431851  11.9397  11.9587  0.33  0  0  0  0  0  149
40  2  0.490932  -0.724937  45.618  45.6276  0.33  0  0  0  0  149  0
41  2203  -1.32897  -0.790823  -1244.66  1244.66  0.77133  0  0  0  0  0  121
12  41
1  21  13.0935  -5.12085  -16.0863  21.3642  0  0  0  0  0.882791  115  107
2  21  -14.9968  3.20072  -69.9904  71.6505  0  0  0  0  0  114  110
3  21  -19.439  7.88655  6.32207  21.9098  0  0  0  0  0  112  126
4  -1  -0.58822  5.79257  -6.57971  8.79212  0.33  0  0  0  39.2963  0  108
5  21  10.9511  -2.11464  -6.03627  12.682  0  0  0  0  0.186201  107  111
6  21  -2.15582  -2.10227  0.109259  3.01314  0  0  0  0  0.23143  116  112
7  1  -2.39175  -2.17129  -11.878  12.3138  0.33  0  0  0  39.1952  103  0
8  21  1.55947  -2.96896  -10.0855  10.6284  0  0  0  0  39.4767  106  113
9  21  -4.40784  -0.837005  -37.6485  37.9149  0  0  0  0  1.19184  102  114
10  21  20.7414  -3.08818  -30.6064  37.1012  0  0  0  0  0  104  115
11  21  1.24828  0.482071  2.85928  3.15691  0  0  0  0  0.137215  101  116
12  2  -1.33434  -0.737408  -238.479  238.484  0.33  0  0  0  0  113  0
13  21  -1.17709  -0.225539  -209.445  209.448  0  0  0  0  65.0821  128  134
14  1  -0.902224  0.771626  0.307259  1.26993  0.33  0  0  0  251.994  111  0
15  21  -2.76641  2.11941  44.6652  44.8009  0  0  0  0  251.415  109  125
16  21  -1.77426  -1.86669  -12.3213  12.5876  0  0  0  0  93.3495  110  103
17  -1  5.19938  -0.893713  1.16902  5.41366  0.33  0  0  0  251.515  0  101
18  21  0.139631  0.216787  -0.305215  0.399562  0  0  0  0  253.459  108  106
19  21  -1.00532  -0.588788  24.7476  24.775  0  0  0  0  261.733  129  138
20  -1  -0.396661  1.3925  -52.0101  52.0313  0.33  0  0  0  0  0  102
21  21  -1.64026  -1.45573  140.273  140.29  0  0  0  0  0  138  120
22  21  -0.811304  -2.08629  162.575  162.59  0  0  0  0  0  120  123
23  21  2.76042  1.02802  229.578  229.597  0  0  0  0  7.15118  118  105
24  21  -3.14955  0.389493  6.55052  7.27878  0  0  0  0  700.317  126  109
25  21  0.541387  0.100131  -22.351  22.3577  0  0  0  0  524.707  119  104
26  2  -0.213691  1.02294  -178.735  178.739  0.33  0  0  0  0  105  0
27  21  -0.107889  2.00696  48.4393  48.481  0  0  0  0  3.6508  125  129
28  21  0.463061  -2.05041  177.444  177.456  0  0  0  0  0  123  131
29  21  -1.22117  0.459552  247.561  247.565  0  0  0  0  0  131  118
30  2  1.00436  -0.361353  0.819551  1.3856  0.33  0  0  0  0.516162  132  0
31  21  -0.567688  -0.86533  -335.468  335.469  0  0  0  0  0  137  128
32  21  0.735319  0.604198  -37.5229  37.535  0  0  0  0  16.885  135  119
33  21  0.328618  0.441264  -64.0105  64.0129  0  0  0  0  0  134  135
34  2101  -0.152497  1.06621  1115.92  1115.93  0.57933  0  0  0  0  0  132
35  2  0.715206  0.521152  275.886  275.888  0.33  0  0  0  0  117  0
36  1  0.542416  0.52499  -897.206  897.207  0.33  0  0  0  0  142  0
37  1  0.617005  -0.107953  -12.3254  12.3458  0.33  0  0  0  0  143  0
38  -2  0.55928  -0.38474  -236.14  236.141  0.33  0  0  0  0  0  117
39  -3  0.1  0.2  -0.1  0.556776  0.5  0  0  0  100  0  137
40  -3  0.1  0.2  -0.1  0.556776  0.5  0  0  0  100  0  142
41  -3  0.1  0.2  -0.1  0.556776  0.5  0  0  0  100  0  143
13  66
1  21  -18.7217  11.9933  -47.1027  52.0865  0  0  0  0  0  104  122
2  -3  13.1742  -17.4973  -96.2741  98.7353  0.5  0  0  0  0.0723119  0  109
3  3  32.434  15.5578  -259.543  262.024  0.5  0  0  0  0  102  0
4  2  1.12046  -7.35529  -97.8086  98.0918  0.33  0  0  0  0.880361  103  0
5  21  -1.89463  -5.50446  -11.5295  12.9158  0  0  0  0  0.716525  109  120
6  21  -1.3058  1.10831  -1.78459  2.4735  0  0  0  0  27.393  133  102
7  21  -0.31067  0.111375  -10.8794  10.8844  0  0  0  0  0.31323  118  104
8  21  -5.82282  -0.596052  -52.0771  52.405  0  0  0  0  0.504259  120  118
9  21  -4.49448  0.874112  -4.00683  6.08433  0  0  0  0  0.768151  138  103
10  21  0.760854  -0.911292  75.8819  75.8911  0  0  0  0  0  130  136
11  21  -2.73852  -5.27251  -0.181441  5.94405  0  0  0  0  27.2701  117  133
12  21  -12.1745  8.12495  -26.4207  30.204  0  0  0  0  0.316235  122  138
13  21  -5.73551  3.54756  42.9699  43.4959  0  0  0  0  77.3257  108  105
14  21  10.1086  -7.20525  -16.9448  21.0053  0  0  0  0  77.375  107  108
15  4  -1.86323  -0.574892  2.01845  3.18218  1.5  0  0  0  77.7082  137  0
16  -4  2.17149  0.99086  17.8217  18.0432  1.5  0  0  0  78.6322  0  131
17  21  0.164695  1.03008  5.04483  5.15155  0  0  0  0  77.8154  105  141
18  21  -4.90648  -0.970052  9.88064  11.0744  0  0  0  0  77.455  141  137
19  21  -0.13194  1.87891  163.982  163.992  0  0  0  0  0  143  106
20  21  -0.478535  -0.0944555  0.54126  0.728615  0  0  0  0  1.11302  168  107
21  21  -9.42772  4.32976  87.0789  87.6947  0  0  0  0  0  113  124
22  21  7.37697  3.71883  9.55977  12.6348  0  0  0  0  0.0560608  112  160
23  21  1.57121  -2.34058  6.37314  6.96878  0  0  0  0  0.376839  119  111
24  21  2.05934  -3.83796  2.10861  4.83911  0  0  0  0  1.90626  111  115
25  21  -2.17483  -0.689595  8.3326  8.63931  0  0  0  0  0.13825  128  155
26  21  -0.27936  -1.0559  -3.53533  3.7002  0  0  0  0  0  158  150
27  21  -0.204711  -0.993239  4.87811  4.98241  0  0  0  0  2.16803  110  164
28  21  -0.17633  -1.06921  6.80046  6.88625  0  0  0  0  3.03782  164  139
29  -4  5.0643  -1.58466  59.4855  59.7405  1.5  0  0  0  0  0  119
30  21  -6.31091  8.69182  2.0444  10.9341  0  0  0  0  0.0553342  116  135
31  21  0.298161  -5.2998  -2.40213  5.82641  0  0  0  0  0  115  161
32  21  -0.726982  -2.05105  19.0113  19.1355  0  0  0  0  1.2594  139  157
33  4  -0.0824184  1.23716  54.0098  54.0449  1.5  0  0  0  85.4674  142  0
34  2  0.675581  1.0495  74.4394  74.4506  0.33  0  0  0  80.1657  106  0
35  21  -1.72798  3.74038  31.2722  31.5424  0  0  0  0  0.712146  124  110
36  21  3.04113  -3.01043  111.096  111.178  0  0  0  0  0  126  117
37  21  -2.11615  -1.55938  37.4444  37.5366  0  0  0  0  0  129  126
38  21  1.18737  0.000301254  173.49  173.494  0  0  0  0  456.464  170  142
39  2  1.81678  -3.67748  194.044  194.088  0.33  0  0  0  0  136  0
40  21  3.78279  2.3265  -0.133652  4.44297  0  0  0  0  0.222932  135  112
41  21  -1.70069  -0.0279361  4.67563  4.97541  0  0  0  0  0.158273  140  128
42  21  -1.06419  0.297804  47.6008  47.6136  0  0  0  0  9.71342  131  170
43  21  -1.09841  -0.0886496  -23.1678  23.194  0  0  0  0  0  134  146
44  1  0.142359  3.02105  286.358  286.374  0.33  0  0  0  0  147  0
45  21  -0.028537  0.0407952  -0.257608  0.262375  0  0  0  0  0.428866  146  158
46  -1  1.27578  0.34412  -1.21137  1.82274  0.33  0  0  0  0  0  147
47  -1  -0.0671853  -2.14578  -6.93476  7.26696  0.33  0  0  0  0  0  130
48  21  -0.157291  0.786377  -1.25627  1.49042  0  0  0  0  0.412719  150  116
49  2  1.19146  -1.4721  72.4689  72.4943  0.33  0  0  0  12.9074  123  0
50  21  -0.846279  1.92557  -317.159  317.166  0  0  0  0  0  151  134
51  21  0.491772  1.34143  -36.0383  36.0666  0  0  0  0  0  145  162
52  21  -1.1209  -1.07007  18.885  18.9485  0  0  0  0  3.06122  157  129
53  21  -1.59652  0.0296072  9.52628  9.65918  0  0  0  0  4.21651  155  113
54  21  -1.04514  1.1384  5.1946  5.4196  0  0  0  0  1.65343  160  169
55  21  1.92786  0.37202  -131.803  131.818  0  0  0  0  0  162  151
56  21  0.761914  -0.471193  -1.1526  1.4598  0  0  0  0  0.364194  161  123
57  21  -0.515788  0.362253  2.19712  2.28574  0  0  0  0  3.66812  169  140
58  1  0.888934  -0.634298  294.901  294.903  0.33  0  0  0  0  171  0
59  -1  0.19121  0.108795  114.603  114.604  0.33  0  0  0  0  0  143
60  1  0.109368  -0.285697  5.50907  5.52742  0.33  0  0  0  0  173  0
61  -2  -0.565881  -1.26153  418.774  418.776  0.33  0  0  0  0  0  173
62  2101  -0.114547  0.270662  -1270.49  1270.49  0.57933  0  0  0  0  0  168
63  1  -0.0609812  0.257625  -60.2059  60.2074  0.33  0  0  0  0  121  0
64  -3  0.1  0.2  -0.1  0.556776  0.5  0  0  0  100  0  145
65  -3  0.1  0.2  -0.1  0.556776  0.5  0  0  0  100  0  171
66  -3  0.1  0.2  -0.1  0.556776  0.5  0  0  0  100  0  121
14  23
1  21  22.6182  -31.1168  -34.5125  51.6813  0  0  0  0  0  104  111
2  21  -5.05477  7.89858  -26.1671  27.7967  0  0  0  0  0  102  103
3  21  4.65305  11.7802  168.583  169.058  0  0  0  0  5.86669  101  105
4  21  -6.52743  15.5647  -43.973  47.1009  0  0  0  0  0.0977069  103  117
5  21  -7.29657  -8.05301  -28.9661  30.9374  0  0  0  0  0.123454  107  104
6  21  -3.54516  1.62475  59.7167  59.8439  0  0  0  0  1.76881  108  110
7  21  -2.1448  1.96304  38.8829  38.9915  0  0  0  0  0.841574  109  102
8  21  3.22052  0.341133  99.1244  99.1772  0  0  0  0  2.37619  110  112
9  21  -0.978862  -1.12367  -0.475503  1.56426  0  0  0  0  0.315409  111  113
10  21  -3.49391  5.32697  279.707  279.779  0  0  0  0  0  112  109
11  21  4.18877  -2.12007  13.508  14.3006  0  0  0  0  0.0735354  113  101
12  21  -2.25462  -0.136397  -6.85511  7.21764  0  0  0  0  0.519607  117  106
13  21  -1.43264  0.135983  -29.2308  29.2662  0  0  0  0  6.22989  114  107
14  21  1.66669  0.167163  0.903109  1.903  0  0  0  0  0.118745  116  115
15  -3  -3.54103  -1.3353  -23.1463  23.459  0.5  0  0  0  0  0  116
16  21  0.378272  0.401683  8.60266  8.62033  0  0  0  0  0  115  123
17  21  -0.221298  0.0483489  37.9039  37.9046  0  0  0  0  194.462  122  108
18  21  0.248569  -0.110096  107.398  107.399  0  0  0  0  0  123  122
19  2103  -0.798741  -0.547209  1646.42  1646.42  0.77133  0  0  0  0  0  114
20  2  -0.33875  -0.588638  34.5395  34.5478  0.33  0  0  0  0  105  0
21  2101  -0.641498  -0.366481  -1654.98  1654.98  0.57933  0  0  0  0  0  126
22  2  1.16766  0.406629  -0.225878  1.2995  0.33  0  0  0  0  106  0
23  3  0.128337  -0.161437  -646.752  646.752  0.5  0  0  0  0  126  0
15  47
1  21  3.24809  -10.2882  -42.7259  44.067  0  0  0  0  0.184542  103  109
2  21  1.54314  1.8318  8.696  9.01982  0  0  0  0  0.12722  105  113
3  21  6.79614  4.38539  11.3667  13.9506  0  0  0  0  0.0210722  110  125
4  21  -5.41846  -7.49639  -33.588  34.8383  0  0  0  0  0.057661  129  115
5  21  7.52208  4.7525  16.9565  19.1492  0  0  0  0  0.10303  107  101
6  21  -0.844934  7.46911  -48.5906  49.1686  0  0  0  0  258.06  122  108
7  21  16.0933  -3.05287  -55.4249  57.7948  0  0  0  0  0  127  106
8  2  7.37002  1.54823  -146.305  146.499  0.33  0  0  0  259.459  108  0
9  21  -3.79332  -3.67328  -2.81445  5.9836  0  0  0  0  0.0906069  104  110
10  21  7.86545  0.0996012  27.6457  28.743  0  0  0  0  0.303853  111  107
11  21  1.20206  -4.94582  6.55925  8.3024  0  0  0  0  0.0764514  112  105
12  21  -42.5779  13.5317  81.1398  92.6264  0  0  0  0  0  113  102
13  21  -4.33966  -0.149537  20.8521  21.2995  0  0  0  0  0.438496  114  111
14  21  -3.75696  1.14182  27.0755  27.3587  0  0  0  0  0.870256  118  114
15  21  3.62958  0.385611  -6.91984  7.82347  0  0  0  0  258.299  101  116
16  21  2.87066  0.326982  0.371948  2.91306  0  0  0  0  0.257369  125  112
17  21  2.79171  -3.59514  -12.7313  13.5205  0  0  0  0  0.703536  109  127
18  21  -1.06037  0.925626  -8.17863  8.29886  0  0  0  0  0.608105  106  129
19  21  -0.23247  -0.0672916  -504.924  504.924  0  0  0  0  0  135  103
20  21  0.233562  -0.0660348  12.0723  12.0747  0  0  0  0  55.2057  102  142
21  21  -3.26017  -0.669906  -2.57568  4.20852  0  0  0  0  0.0792334  115  104
22  3  7.28731  0.211145  -14.2414  16.0068  0.5  0  0  0  0  116  0
23  -3  -0.532124  0.72933  -5.92381  6.01304  0.5  0  0  0  1.17934  0  122
24  2  0.82198  -3.00188  95.8039  95.855  0.33  0  0  0  0  117  0
25  2  0.731089  -7.42744  8.54619  11.3511  0.33  0  0  0  474.658  130  0
26  21  -1.4236  3.09855  -13.2046  13.6378  0  0  0  0  475.128  120  128
27  21  0.430518  0.717803  -2.88376  3.00277  0  0  0  0  0.54916  123  137
28  21  -0.312993  2.33736  -1.18185  2.6378  0  0  0  0  0.124236  124  123
29  21  0.112093  0.194161  -26.9691  26.97  0  0  0  0  474.428  128  148
30  21  0.979327  1.06532  -0.590909  1.56306  0  0  0  0  475.107  121  140
31  21  -0.835627  -0.0272662  -60.5274  60.5332  0  0  0  0  0  119  144
32  1  -4.17413  0.10197  -3.25535  5.30471  0.33  0  0  0  29.3384  132  0
33  21  0.506903  0.696307  -8.41077  8.45475  0  0  0  0  29.1667  131  139
34  2  -0.0979381  0.935085  -21.1145  21.138  0.33  0  0  0  0  133  0
35  21  -0.685819  -0.367637  -68.1367  68.1412  0  0  0  0  0  139  119
36  21  1.08176  1.13645  -7.02483  7.19791  0  0  0  0  1.16201  137  131
37  21  3.80471  -1.27928  103.628  103.705  0  0  0  0  0  142  124
38  -3  -1.07958  -0.869062  -5.71403  5.90093  0.5  0  0  0  2.73794  0  132
39  21  0.453013  -0.0898474  0.0826659  0.469177  0  0  0  0  0.81732  140  130
40  21  0.194796  0.125597  -428.732  428.732  0  0  0  0  0  148  149
41  21  -0.213842  -0.133993  -134.508  134.508  0  0  0  0  658.463  149  121
42  2101  -0.851949  0.19567  1947.22  1947.22  0.57933  0  0  0  0  0  133
43  -2  -1.16134  0.29456  50.5851  50.6004  0.33  0  0  0  0  0  117
44  -1  -0.594822  0.359607  68.5304  68.5347  0.33  0  0  0  0  0  118
45  2101  0.111435  -0.861896  -757.784  757.785  0.57933  0  0  0  0  0  120
46  -2  -0.694973  -0.113467  -52.6153  52.6211  0.33  0  0  0  0  0  135
47  3  0.262258  -0.421116  -9.52997  9.55596  0.5  0  0  0  0  144  0
16  53
1  21  -5.7988  -4.54268  28.2274  29.1728  0  0  0  0  1.90882  138  101
2  21  13.5259  5.56365  2.65111  14.8638  0  0  0  0  0.174166  102  116
3  21  16.8507  2.93574  28.7512  33.4544  0  0  0  0  0  103  105
4  21  -2.86091  0.574131  7.55623  8.10007  0  0  0  0  0.376045  101  112
5  21  12.6625  4.76025  11.3768  17.6757  0  0  0  0  0  116  103
6  21  -3.16729  -0.0510007  40.8249  40.9476  0  0  0  0  2.30429  112  128
7  1  2.06535  1.07642  147.15  147.168  0.33  0  0  0  13.5748  128  0
8  21  -31.2313  -12.0501  173.572  176.77  0  0  0  0  0  104  138
9  21  -1.04853  1.16238  -0.852299  1.7824  0  0  0  0  0.264468  124  104
10  21  -1.24481  0.616803  77.1589  77.1714  0  0  0  0  26.0281  151  102
11  5  7.10314  -0.12895  18.56  20.4447  4.8  0  0  0  0.0998215  108  0
12  -5  -7.1126  3.39532  48.3096  49.1831  4.8  0  0  0  0  0  141
13  21  -0.950065  -2.10256  59.5814  59.6261  0  0  0  0  4.90149  123  134
14  -1  -0.941627  3.45092  10.7176  11.3036  0.33  0  0  0  0  0  110
15  21  3.46487  -6.89082  7.29489  10.6162  0  0  0  0  0.0690667  111  129
16  2  -2.40007  3.74965  -39.9164  40.1653  0.33  0  0  0  0  110  0
17  3  -3.76536  2.18086  -8.74553  9.78103  0.5  0  0  0  0.324702  122  0
18  21  3.58485  -3.24235  -51.2828  51.5101  0  0  0  0  0  113  132
19  21  -1.56383  -0.524659  -35.1964  35.2351  0  0  0  0  3.51046  117  119
20  21  2.65424  0.762314  -7.25892  7.76647  0  0  0  0  0.135402  114  154
21  -3  0.574065  0.978927  -3.00713  3.25279  0.5  0  0  0  0.981707  0  148
22  21  -0.411545  1.15066  -3.18408  3.41053  0  0  0  0  0.209742  148  121
23  21  0.602798  -0.487134  -0.922033  1.2045  0  0  0  0  0  154  127
24  21  -0.286289  1.45799  -10.5467  10.6508  0  0  0  0  1.7373  121  125
25  21  -3.22169  -5.01044  -588.877  588.907  0  0  0  0  0  119  126
26  21  2.11552  2.39094  6.54308  7.28038  0  0  0  0  0  118  147
27  21  1.07134  -0.621135  -114.784  114.79  0  0  0  0  29.8006  120  155
28  21  1.63968  -2.26639  0.772571  2.90206  0  0  0  0  0.137017  127  111
29  21  -2.00522  0.197082  -723.406  723.408  0  0  0  0  0  126  120
30  -1  1.76846  2.69694  38.3716  38.5083  0.33  0  0  0  0  0  109
31  21  -0.910168  1.35476  -19.7966  19.8638  0  0  0  0  3.13682  125  117
32  21  2.68053  -0.603715  2.25186  3.55254  0  0  0  0  0  129  108
33  21  -2.3511  -1.45279  4.78921  5.52945  0  0  0  0  0.123885  131  160
34  21  1.20656  0.838921  -13.0233  13.1059  0  0  0  0  0  139  114
35  21  -1.49067  1.01624  6.02935  6.29348  0  0  0  0  1.55692  141  107
36  21  0.645038  0.2365  -5.8189  5.85931  0  0  0  0  8.7822  132  139
37  21  0.681132  0.784032  5.12554  5.2297  0  0  0  0  2132.12  136  118
38  21  -2.87968  -2.09565  75.3333  75.4174  0  0  0  0  2130.83  134  136
39  21  -0.68019  1.09148  0.216835  1.30422  0  0  0  0  0  140  106
40  21  0.371157  -2.80744  672.639  672.645  0  0  0  0  0  133  123
41  21  1.48371  1.06083  2.66496  3.22936  0  0  0  0  18293.4  147  145
42  21  -0.287628  -1.66359  2.12469  2.71377  0  0  0  0  18293.2  145  131
43  21  2.34984  0.481634  518.543  518.548  0  0  0  0  0  144  133
44  2  -0.0421512  -0.863759  9.55432  9.59905  0.33  0  0  0  4.25459  106  0
45  21  2.19017  -0.787082  -56.2481  56.2962  0  0  0  0  0  155  113
46  -1  -0.219571  0.756899  66.7037  66.7091  0.33  0  0  0  0  0  124
47  21  -0.45733  -0.033918  1.29974  1.37827  0  0  0  0  2.5054  160  140
48  2101  -0.0586006  0.604236  368.288  368.289  0.57933  0  0  0  0  0  151
49  2  -0.977331  0.466579  9.65734  9.72348  0.33  0  0  0  0  107  0
50  1  -1.14683  -0.329936  -4.57735  4.74184  0.33  0  0  0  0  105  0
51  1  -1.05833  0.513122  10.4529  10.524  0.33  0  0  0  0  109  0
52  -2  0.0343215  0.224611  23.3699  23.3733  0.33  0  0  0  0  0  144
53  2101  -0.756482  0.0252786  -799.019  799.02  0.57933  0  0  0  0  0  122
17  73
1  1  -14.8745  -20.9098  -5.59439  26.2655  0.33  0  0  0  0  101  0
2  -1  30.6216  15.5178  -11.2884  36.1389  0.33  0  0  0  0  0  105
3  2  -0.219566  -0.485999  22.3439  22.3527  0.33  0  0  0  1.30077  138  0
4  21  1.48805  -5.06382  -7.49096  9.16357  0  0  0  0  0.188025  120  104
5  21  -17.1861  8.26953  155.534  156.699  0  0  0  0  0  102  113
6  21  -0.159629  1.98897  -13.826  13.9692  0  0  0  0  1.32844  148  140
7  21  0.491034  2.04081  -17.6664  17.7907  0  0  0  0  2.62945  160  148
8  21  -14.6591  -0.207071  10.3623  17.9529  0  0  0  0  25.3059  107  114
9  21  5.71072  -1.4451  -14.7832  15.9137  0  0  0  0  25.2598  105  106
10  21  6.49216  3.59211  15.8883  17.5354  0  0  0  0  0  104  102
11  21  4.03813  0.807214  -28.2779  28.5762  0  0  0  0  22.4721  106  122
12  3  -2.15782  -2.48883  -100.045  100.101  0.5  0  0  0  0  140  0
13  -3  -0.0595964  1.043  -0.58839  1.29908  0.5  0  0  0  0.460668  0  120
14  21  -1.13932  -0.611749  -60.0989  60.1128  0  0  0  0  40.6138  169  160
15  21  5.40715  -1.14357  82.7119  82.8963  0  0  0  0  57.7533  108  137
16  21  -9.85409  -2.28543  -46.7955  47.8763  0  0  0  0  57.9423  110  118
17  -3  5.10825  2.9368  251.515  251.584  0.5  0  0  0  27.8847  0  149
18  21  2.81959  2.11158  -5.91133  6.88134  0  0  0  0  0.251357  111  150
19  21  -3.80399  -0.00580778  346.65  346.671  0  0  0  0  0  109  124
20  21  1.09042  1.49293  -1.29057  2.25465  0  0  0  0  58.2109  130  147
21  21  -1.85492  -2.47509  -8.48707  9.03311  0  0  0  0  0.487292  131  110
22  21  -4.19239  1.82621  11.7633  12.6209  0  0  0  0  58.3188  132  155
23  21  0.685842  0.606355  15.6613  15.688  0  0  0  0  58.0798  139  165
24  21  0.111869  -1.33598  6.1217  6.26678  0  0  0  0  58.6923  155  153
25  21  7.23033  -4.36506  423.898  423.982  0  0  0  0  0  116  115
26  21  -3.26307  -1.49958  1.46116  3.87703  0  0  0  0  0.0988174  114  101
27  21  -4.62481  1.70484  11.7438  12.7362  0  0  0  0  25.8274  115  107
28  21  1.23713  -0.0946689  -27.5551  27.583  0  0  0  0  0  122  103
29  21  -0.507033  0.986797  28.1957  28.2176  0  0  0  0  7.11928  113  138
30  21  -0.299837  -0.15497  38.0925  38.094  0  0  0  0  103.607  123  116
31  21  -1.33734  -5.77787  -0.939615  6.00459  0  0  0  0  98.874  117  141
32  3  2.99448  3.2064  -3.65649  5.73304  0.5  0  0  0  98.834  118  0
33  -3  -1.79574  3.50814  -13.7142  14.278  0.5  0  0  0  98.024  0  126
34  2  2.96458  -4.1456  18.5964  19.285  0.33  0  0  0  0  145  0
35  2  -0.0516265  -1.50288  -52.0278  52.0506  0.33  0  0  0  0  121  0
36  21  -2.84217  3.64239  -4.36463  6.3557  0  0  0  0  2.99192  126  134
37  21  2.13712  -1.21571  -3.0945  3.95236  0  0  0  0  2.89746  128  111
38  3  0.834663  -0.113299  5.84982  5.93127  0.5  0  0  0  0  127  0
39  21  -0.241541  -0.888361  -10.7292  10.7686  0  0  0  0  0  161  171
40  21  2.57218  0.317263  10.7157  11.0246  0  0  0  0  0.585199  137  152
41  21  -0.567305  -1.47512  -110.729  110.74  0  0  0  0  0  135  158
42  21  -1.08154  1.70889  -0.644276  2.12253  0  0  0  0  0.159937  134  130
43  21  -0.980499  -4.4567  -4.26789  6.24807  0  0  0  0  0.18994  141  128
44  3  0.165568  0.234592  -5.30177  5.33303  0.5  0  0  0  0  142  0
45  21  0.857147  2.4276  39.9044  39.9873  0  0  0  0  0  165  109
46  21  0.538028  -1.3481  16.2795  16.3441  0  0  0  0  1.19213  153  139
47  21  1.53338  2.41114  -222.856  222.875  0  0  0  0  0  146  167
48  21  -2.14354  0.665204  0.00695141  2.24439  0  0  0  0  1.34888  147  132
49  3  -1.0658  -2.20804  41.5853  41.6605  0.5  0  0  0  0  103  0
50  21  0.0516925  -0.681406  -2.489  2.5811  0  0  0  0  2.19404  170  131
51  21  0.617816  -0.442757  0.504496  0.912275  0  0  0  0  109.314  152  117
52  21  -0.837317  1.07278  -11.5619  11.6417  0  0  0  0  109.15  150  123
53  21  1.73096  -0.377224  36.6204  36.6633  0  0  0  0  0  149  108
54  1  -1.86296  3.52261  -89.7565  89.8455  0.33  0  0  0  0  151  0
55  -2  1.34808  -0.493598  2.82598  3.18685  0.33  0  0  0  2368.63  0  127
56  21  0.289728  3.46922  -65.0772  65.1703  0  0  0  0  2368.28  159  163
57  21  0.420498  -0.787584  -36.9304  36.9412  0  0  0  0  2387.45  158  161
58  21  -1.70605  -0.762813  -767.489  767.491  0  0  0  0  0  167  135
59  3  -0.509594  0.0933997  12.3637  12.3847  0.5  0  0  0  1.32753  124  0
60  21  2.61593  0.922373  -87.8055  87.8493  0  0  0  0  0  163  146
61  21  0.495438  -0.408093  -5.84995  5.88506  0  0  0  0  6.24091  171  170
62  1  0.201717  0.386335  18.2815  18.2896  0.33  0  0  0  0  173  0
63  -3  0.360339  -0.068828  49.0749  49.0789  0.5  0  0  0  0  0  174
64  2  -0.353887  0.608367  13.5952  13.6174  0.33  0  0  0  0  174  0
65  -3  -0.358095  -0.243322  778.112  778.112  0.5  0  0  0  0  0  142
66  2  0.595561  -0.770317  -344.391  344.392  0.33  0  0  0  0  177  0
67  -3  0.733626  -0.381528  -272.884  272.886  0.5  0  0  0  0  0  169
68  -3  0.1  0.2  -0.1  0.556776  0.5  0  0  0  100  0  145
69  -3  0.1  0.2  -0.1  0.556776  0.5  0  0  0  100  0  121
70  -3  0.1  0.2  -0.1  0.556776  0.5  0  0  0  100  0  151
71  -3  0.1  0.2  -0.1  0.556776  0.5  0  0  0  100  0  159
72  -3  0.1  0.2  -0.1  0.556776  0.5  0  0  0  100  0  173
73  -3  0.1  0.2  -0.1  0.556776  0.5  0  0  0  100  0  177
18  21
1  2  58.4345  20.2402  405.833  410.517  0.33  0  0  0  0  109  0
2  21  -4.9713  -2.94479  4.27914  7.19004  0  0  0  0  0.205346  102  108
3  21  -6.68868  -2.73483  69.172  69.5484  0  0  0  0  20.2722  110  102
4  21  -2.4039  -8.26638  -227.984  228.146  0  0  0  0  0  106  104
5  21  -7.71697  0.149482  9.00738  11.862  0  0  0  0  0.874699  111  103
6  21  -2.12222  -0.570351  9.22025  9.4785  0  0  0  0  0.300512  103  109
7  21  -1.29724  -0.254423  -4.01986  4.23165  0  0  0  0  20.7343  104  114
8  21  -32.8537  -3.78838  59.0989  67.723  0  0  0  0  0  108  111
9  21  1.62076  0.847281  -2.6271  3.201  0  0  0  0  0.234231  112  118
10  21  -1.56694  -1.49055  -5.65184  6.05147  0  0  0  0  0  114  116
11  21  -1.71553  0.606795  146.508  146.519  0  0  0  0  0  113  110
12  21  0.580018  -2.61087  -6.50754  7.0357  0  0  0  0  103.012  116  112
13  21  1.28129  -0.491721  1.97689  2.40657  0  0  0  0  103.243  118  129
14  21  0.435936  0.176122  -27.6016  27.6056  0  0  0  0  0  119  106
15  21  0.612382  -0.369053  164.166  164.168  0  0  0  0  96.4099  123  126
16  21  -0.661477  0.326923  558.018  558.018  0  0  0  0  0  121  113
17  21  -0.0850566  -0.147442  91.424  91.4242  0  0  0  0  0  126  121
18  21  0.18702  0.241789  11.2713  11.2755  0  0  0  0  46.2985  129  123
19  2101  0.372467  1.40397  969.006  969.007  0.57933  0  0  0  0  0  101
20  2  -0.730244  0.0300527  -360.364  360.365  0.33  0  0  0  0  101  0
21  2101  -0.711129  -0.353835  -1864.22  1864.23  0.57933  0  0  0  0  0  119
19  56
1  21  -10.6071  -28.8704  63.6891  70.727  0  0  0  0  0  101  106
2  21  31.3087  29.1637  128.603  135.534  0  0  0  0  0  103  102
3  21  -20.15  -6.21933  12.6096  24.5704  0  0  0  0  555.273  121  120
4  2  7.85267  12.9019  93.4823  94.6951  0.33  0  0  0  0.258104  102  0
5  21  -3.43182  -3.50079  4.11199  6.39855  0  0  0  0  0.0821475  118  104
6  21  1.08467  -2.40083  -0.44  2.67097  0  0  0  0  0.215182  106  118
7  21  2.28819  -1.20537  -1.64086  3.06287  0  0  0  0  555.435  105  109
8  21  0.495222  -0.751873  0.185186  0.919158  0  0  0  0  555.749  120  105
9  21  -8.20845  0.963706  4.27773  9.30625  0  0  0  0  555.705  104  121
10  21  -0.694012  0.805283  -54.0237  54.0342  0  0  0  0  532.423  132  125
11  2  1.00731  0.968714  -531.592  531.594  0.33  0  0  0  0  119  0
12  21  4.29982  -7.96564  -24.1202  25.7628  0  0  0  0  0  109  119
13  21  -0.193803  0.991702  15.6872  15.7197  0  0  0  0  0.143457  110  107
14  21  -0.320033  3.91663  68.7151  68.8274  0  0  0  0  0  111  110
15  21  -0.737639  0.743596  2.66412  2.86262  0  0  0  0  0.706987  107  101
16  21  0.307895  1.851  1.05263  2.15152  0  0  0  0  0.204139  117  103
17  21  -1.42651  1.48659  -13.4188  13.5761  0  0  0  0  1.64257  125  117
18  21  0.300706  0.184781  7.52676  7.53503  0  0  0  0  32.0464  155  111
19  21  -2.89135  3.56981  -12.3225  13.1509  0  0  0  0  11.0441  112  129
20  21  0.58468  -2.58885  4.34835  5.09433  0  0  0  0  11.1415  114  113
21  21  4.26877  -1.10721  -8.11891  9.23932  0  0  0  0  11.5479  115  150
22  21  -2.11507  -0.362699  -42.0187  42.0734  0  0  0  0  0  122  143
23  21  -0.222727  0.0836631  -3.52844  3.53646  0  0  0  0  10.3292  128  112
24  21  0.728307  -1.73046  1.17301  2.2138  0  0  0  0  9.37037  137  142
25  1  1.1682  -1.62891  8.11039  8.36095  0.33  0  0  0  0  113  0
26  21  -2.00599  -3.18911  242.523  242.552  0  0  0  0  0  124  123
27  -2  2.70693  1.42372  14.0635  14.396  0.33  0  0  0  0.549403  0  133
28  21  0.549101  1.62677  178.007  178.015  0  0  0  0  30.9881  123  145
29  21  -2.79015  0.76593  -4.09054  5.0104  0  0  0  0  0  129  147
30  21  0.514802  -0.108846  5.22153  5.24798  0  0  0  0  0.233821  131  153
31  21  0.631877  -0.124782  -0.172095  0.666675  0  0  0  0  107.648  130  128
32  -1  0.195902  1.08177  36.3094  36.3275  0.33  0  0  0  0  0  132
33  21  -1.46531  -0.442511  -3.9221  4.21021  0  0  0  0  4.0548  147  115
34  21  1.58377  -0.807371  -370.901  370.905  0  0  0  0  0  135  148
35  1  -2.19299  -0.412438  -464.145  464.151  0.33  0  0  0  27.8164  136  0
36  21  0.876709  1.10543  -165.48  165.486  0  0  0  0  0  134  135
37  21  -1.41454  -0.352852  1.94041  2.42706  0  0  0  0  1489.23  140  137
38  21  1.39812  0.207759  -0.0728095  1.41534  0  0  0  0  1489.37  142  130
39  21  -2.93708  0.921979  98.0876  98.1359  0  0  0  0  0  145  152
40  21  0.235761  -1.2275  -0.905935  1.54371  0  0  0  0  0  143  114
41  21  0.180281  -0.349097  -98.2084  98.2092  0  0  0  0  0  148  116
42  21  -0.122509  0.571423  -93.4421  93.4439  0  0  0  0  77.4483  150  134
43  1  0.0277259  -0.0453016  273.609  273.609  0.33  0  0  0  0  116  0
44  21  0.742058  -0.0802457  12.8899  12.9115  0  0  0  0  9.5894  153  124
45  21  -0.130303  0.265215  0.854502  0.904153  0  0  0  0  0  152  140
46  2  -0.885051  -0.346111  155.832  155.835  0.33  0  0  0  0  157  0
47  -1  -0.426855  0.141996  849.316  849.316  0.33  0  0  0  0  0  136
48  1  -0.962638  -0.0462718  199.666  199.669  0.33  0  0  0  0  133  0
49  2  0.292311  0.304896  -434.447  434.447  0.33  0  0  0  0  160  0
50  2  0.701435  -0.183146  -157.546  157.548  0.33  0  0  0  0  161  0
51  -3  0.1  0.2  -0.1  0.556776  0.5  0  0  0  100  0  155
52  -3  0.1  0.2  -0.1  0.556776  0.5  0  0  0  100  0  122
53  -3  0.1  0.2  -0.1  0.556776  0.5  0  0  0  100  0  131
54  -3  0.1  0.2  -0.1  0.556776  0.5  0  0  0  100  0  157
55  -3  0.1  0.2  -0.1  0.556776  0.5  0  0  0  100  0  160
56  -3  0.1  0.2  -0.1  0.556776  0.5  0  0  0  100  0  161
20  22
1  21  -27.4545  -29.1246  -121.91  128.312  0  0  0  0  0  101  107
2  1  22.4387  10.8979  -484.51  485.152  0.33  0  0  0  0  109  0
3  21  -12.127  17.8802  -2.77922  21.7828  0  0  0  0  0.323249  104  105
4  21  9.83247  -3.67291  -6.61172  12.4049  0  0  0  0  0.797829  105  113
5  21  -6.26395  -2.03863  8.55816  10.7998  0  0  0  0  0.0902108  108  106
6  21  0.378057  -1.93372  0.421614  2.01493  0  0  0  0  0.0882376  107  103
7  21  -0.406868  8.2277  25.9056  27.1838  0  0  0  0  0  103  108
8  21  0.352422  -1.63558  -92.2042  92.2194  0  0  0  0  2.04727  111  109
9  21  -1.90476  -1.77426  -3.10299  4.05027  0  0  0  0  0.234651  110  101
10  21  0.876118  4.49488  -63.7189  63.8832  0  0  0  0  3.36404  102  111
11  21  0.690567  -1.32019  17.5271  17.5903  0  0  0  0  1.49215  112  115
12  21  15.5502  0.568835  -8.58617  17.7723  0  0  0  0  0.333936  113  119
13  21  1.04149  1.13796  72.9562  72.9725  0  0  0  0  9.29791  114  112
14  21  -2.12477  -2.10473  5.86676  6.58509  0  0  0  0  1.90369  115  104
15  21  -1.22961  -0.957711  -11.9637  12.0648  0  0  0  0  1.96983  116  110
16  -3  -1.16627  2.49219  22.61  22.7823  0.5  0  0  0  0  0  118
17  21  0.780969  0.0507332  -5.43279  5.48887  0  0  0  0  1.26207  119  102
18  21  -0.157449  -0.282261  -43.987  43.9881  0  0  0  0  0  118  116
19  2101  0.427963  -0.751873  2325.81  2325.81  0.57933  0  0  0  0  0  121
20  2  0.775204  0.88122  4.68028  4.83646  0.33  0  0  0  0  106  0
21  3  -0.841389  -0.574622  1.15239  1.61745  0.5  0  0  0  0  121  0
22  2203  0.532398  -0.460513  -1640.68  1640.69  0.77133  0  0  0  0  0  114
21  11
1  21  -1.36663  36.6765  -163.773  167.835  0  0  0  0  0  104  101
2  21  -5.55999  -15.1631  -49.481  52.05  0  0  0  0  2.46899  108  103
3  21  4.93373  -6.89847  60.9209  61.5085  0  0  0  0  1622.68  101  105
4  21  0.229398  3.17103  -213.565  213.589  0  0  0  0  17.6703  106  104
5  21  2.26495  0.925937  172.264  172.282  0  0  0  0  1592.45  105  107
6  21  -2.56266  -17.114  -62.7096  65.0535  0  0  0  0  0  102  108
7  21  1.70816  -1.29537  1103.15  1103.16  0  0  0  0  0  107  109
8  2  -0.240165  0.238874  4.83688  4.85995  0.33  0  0  0  0  109  0
9  2103  -0.698245  0.347128  1164.01  1164.01  0.77133  0  0  0  0  0  102
10  2203  0.117044  -0.545368  -900.749  900.75  0.77133  0  0  0  0  0  106
11  1  1.17441  -0.34318  -1114.91  1114.91  0.33  0  0  0  0  103  0
22  18
1  21  4.90736  -4.5605  17.4099  18.6544  0  0  0  0  1.50529  101  109
2  -1  -4.05339  6.32901  11.2971  13.5728  0.33  0  0  0  0.339146  0  103
3  21  -7.00922  2.53215  0.166132  7.45443  0  0  0  0  3195.33  103  105
4  21  -3.80357  9.3684  0.029097  10.1111  0  0  0  0  3195.28  105  106
5  -3  -2.86794  3.26799  295.463  295.496  0.5  0  0  0  0  0  112
6  21  -1.01304  -2.88793  -143.293  143.326  0  0  0  0  3149.86  106  107
7  1  -3.39502  2.20099  20.6592  21.0543  0.33  0  0  0  0  110  0
8  21  0.67563  -1.84253  8.6211  8.84165  0  0  0  0  0.827084  108  101
9  21  21.4363  -14.9216  104.044  107.272  0  0  0  0  0  109  104
10  21  -3.55609  0.577892  5.88455  6.89983  0  0  0  0  0.537943  104  110
11  2  -0.201768  -1.40399  -1016.23  1016.23  0.33  0  0  0  0  107  0
12  21  -0.170518  0.214541  71.7676  71.7681  0  0  0  0  0  112  108
13  1  0.0793222  0.1339  11.0314  11.0374  0.33  0  0  0  122.452  113  0
14  2101  0.154546  0.122786  1875.61  1875.61  0.57933  0  0  0  0  0  113
15  2  -0.751385  0.321832  19.2784  19.2985  0.33  0  0  0  0  102  0
16  3  -0.136736  0.129578  55.8183  55.8209  0.5  0  0  0  0  111  0
17  2101  -0.125353  0.427723  -1255.92  1255.92  0.57933  0  0  0  0  0  111
18  -1  -0.169095  -0.0102126  -81.6333  81.6342  0.33  0  0  0  0  0  102
23  28
1  -1  -36.7475  5.24902  -33.7393  50.1635  0.33  0  0  0  0  0  104
2  21  0.799097  -9.01091  -91.3249  91.7719  0  0  0  0  4.35736  121  102
3  21  8.75532  9.84532  -14.5641  19.6392  0  0  0  0  0.0133289  104  112
4  21  7.33292  -5.66302  -41.9637  42.9744  0  0  0  0  92.2877  106  113
5  21  9.90899  4.62699  -89.2483  89.9158  0  0  0  0  91.9978  119  106
6  21  5.90374  -0.836165  -4.12128  7.24833  0  0  0  0  0.157099  112  103
7  21  0.419264  1.13606  -575.122  575.123  0  0  0  0  0  115  114
8  21  -0.310414  2.18555  -40.8587  40.9183  0  0  0  0  93.0102  105  119
9  21  5.28243  -10.1377  -101.112  101.756  0  0  0  0  0  103  121
10  21  -1.66978  5.03619  10.8952  12.1185  0  0  0  0  114.496  109  110
11  21  5.12824  0.719893  119.078  119.19  0  0  0  0  114.415  110  101
12  21  -2.34362  -2.59924  7.09407  7.9104  0  0  0  0  2552.92  107  109
13  21  -0.0387431  -1.00566  -0.77961  1.27305  0  0  0  0  114.59  113  111
14  21  0.0169514  -2.56097  -0.267218  2.57493  0  0  0  0  2552.78  111  107
15  2  0.125396  3.7578  435.446  435.463  0.33  0  0  0  0  108  0
16  21  -0.156212  1.30736  -274.206  274.209  0  0  0  0  0  114  105
17  2  -3.45558  -1.92385  105.713  105.788  0.33  0  0  0  0  117  0
18  21  4.05846  0.369917  -0.191455  4.07978  0  0  0  0  0.188092  116  115
19  21  -3.21258  -1.34581  -64.7056  64.7993  0  0  0  0  0  101  117
20  21  0.0434654  0.362926  -0.500505  0.619766  0  0  0  0  1.76764  123  116
21  21  0.444763  0.426247  51.9073  51.9109  0  0  0  0  20.0022  124  123
22  1  0.976511  0.350775  136.381  136.385  0.33  0  0  0  0  125  0
23  1  0.643064  0.634372  1625.18  1625.18  0.33  0  0  0  0  126  0
24  2203  -0.855976  -0.467039  -821.887  821.888  0.77133  0  0  0  0  0  108
25  1  -1.04825  -0.458078  -337.1  337.103  0.33  0  0  0  0  102  0
26  -3  0.1  0.2  -0.1  0.556776  0.5  0  0  0  100  0  124
27  -3  0.1  0.2  -0.1  0.556776  0.5  0  0  0  100  0  125
28  -3  0.1  0.2  -0.1  0.556776  0.5  0  0  0  100  0  126
24  38
1  21  25.6772  -3.62739  -20.199  32.8706  0  0  0  0  0.0796225  108  109
2  21  -4.71574  -4.7458  0.161615  6.6923  0  0  0  0  0.12261  117  128
3  21  -20.8052  -3.90899  -17.8185  27.6702  0  0  0  0  4.5007  105  127
4  21  -6.87817  17.2123  14.3961  23.4696  0  0  0  0  30.7942  106  101
5  21  3.57552  -4.35068  -8.56607  10.2514  0  0  0  0  4.52954  107  103
6  1  4.08589  1.40559  -235.177  235.217  0.33  0  0  0  0  118  0
7  21  1.70669  3.00326  -1.65579  3.83066  0  0  0  0  0.218183  130  125
8  21  17.4953  -1.60823  -40.1159  43.7945  0  0  0  0  0  109  104
9  21  -18.1681  5.52894  2.45323  19.1486  0  0  0  0  0  124  110
10  21  1.88222  -3.70854  119.748  119.82  0  0  0  0  27.3941  102  129
11  21  4.9183  3.61795  681.572  681.599  0  0  0  0  0  111  112
12  21  0.159025  -0.307107  -0.557548  0.656097  0  0  0  0  0.185125  116  108
13  21  -4.89181  1.60567  3.2751  6.10199  0  0  0  0  0.141913  110  117
14  21  7.17262  -1.71278  -151.204  151.383  0  0  0  0  3.56331  104  118
15  21  3.38316  0.641483  2.37491  4.183  0  0  0  0  0.208118  101  119
16  21  -9.67073  0.128026  4.24172  10.5609  0  0  0  0  0.380489  103  124
17  21  4.82423  0.776556  0.223922  4.89146  0  0  0  0  0.0530866  125  116
18  21  -13.2312  -3.73524  -7.17538  15.5081  0  0  0  0  5.24803  127  107
19  21  1.04698  -1.1974  6.93753  7.11753  0  0  0  0  0.0631509  128  102
20  21  -2.11217  -3.4024  68.3409  68.4582  0  0  0  0  30.9818  129  111
21  21  2.33713  -1.40357  -1.13139  2.95165  0  0  0  0  0.358376  119  130
22  21  0.469905  -0.416208  150.057  150.058  0  0  0  0  95.0784  112  120
23  21  -3.99843  -0.171248  -61.1854  61.3162  0  0  0  0  0.951243  113  123
24  2  4.77067  1.49623  -145.493  145.58  0.33  0  0  0  0  114  0
25  21  0.691765  -0.0905178  -7.23012  7.2637  0  0  0  0  0  136  114
26  21  -3.24742  0.807563  -2.84131  4.38987  0  0  0  0  0.144797  123  115
27  21  1.70728  -1.83344  6.92905  7.36804  0  0  0  0  0  121  136
28  21  -0.109457  1.87966  1.04455  2.15318  0  0  0  0  0.254658  120  133
29  21  0.691328  -0.955958  3.95515  4.12735  0  0  0  0  2.08383  134  121
30  21  2.06093  -0.293701  40.9163  40.9692  0  0  0  0  0  133  134
31  -2  -0.994013  -0.378254  -1.58079  1.93363  0.33  0  0  0  0.602426  0  106
32  2203  -0.165365  -0.272668  954.966  954.967  0.77133  0  0  0  0  0  105
33  1  0.675508  -0.744919  402.017  402.018  0.33  0  0  0  0  115  0
34  2  -0.163667  0.349374  -896.483  896.483  0.33  0  0  0  0  139  0
35  2  -0.180185  0.41241  -865.197  865.197  0.33  0  0  0  0  140  0
36  -3  0.1  0.2  -0.1  0.556776  0.5  0  0  0  100  0  113
37  -3  0.1  0.2  -0.1  0.556776  0.5  0  0  0  100  0  139
38  -3  0.1  0.2  -0.1  0.556776  0.5  0  0  0  100  0  140
25  32
1  21  1.96839  -27.5666  -2.94781  27.7935  0  0  0  0  0  109  113
2  -4  -15.8837  11.7012  -284.75  285.437  1.5  0  0  0  0  0  126
3  21  5.67291  9.09876  26.4892  28.577  0  0  0  0  0  102  111
4  21  9.00856  -4.0076  -16.5837  19.2934  0  0  0  0  0.0748431  101  118
5  21  1.97042  2.81041  -46.9999  47.125  0  0  0  0  0.243938  107  108
6  21  1.84297  5.35  -9.11896  10.7319  0  0  0  0  0.410329  108  119
7  21  -0.228962  0.175394  -2.86292  2.87742  0  0  0  0  0.13762  103  109
8  21  -14.4623  18.5132  -237.468  238.627  0  0  0  0  2.20921  110  107
9  21  5.0978  1.6355  4.06207  6.72033  0  0  0  0  0.178332  111  105
10  21  1.51262  -4.84204  3.29737  6.05029  0  0  0  0  0.245107  112  114
11  21  -1.63255  -6.31765  -3.07274  7.21247  0  0  0  0  0.303462  113  115
12  21  1.93579  1.29528  4.51211  5.07781  0  0  0  0  0.359558  114  101
13  -4  -0.659503  -2.5148  0.0671788  3.00228  1.5  0  0  0  0.819986  0  102
14  4  2.36274  -5.47318  -3.26812  6.96195  1.5  0  0  0  0.444387  115  0
15  4  1.42388  -0.324448  -97.744  97.7664  1.5  0  0  0  22.5098  106  0
16  21  0.446749  0.855826  3.35757  3.49361  0  0  0  0  1.42724  105  124
17  21  -1.16601  2.74035  -9.81021  10.2523  0  0  0  0  0.363458  119  103
18  21  0.211767  -1.10537  -15.8454  15.8853  0  0  0  0  0  117  128
19  21  1.84152  0.0315672  -18.0575  18.1512  0  0  0  0  3.98377  118  117
20  21  -1.7551  0.384353  -35.7874  35.8325  0  0  0  0  23.6683  126  110
21  -1  0.681016  -0.163218  -6.78803  6.83203  0.33  0  0  0  0  0  120
22  21  -0.701167  -1.2774  668.918  668.92  0  0  0  0  0  122  127
23  21  -1.57236  0.735416  120.608  120.62  0  0  0  0  18.553  124  122
24  21  1.05752  -1.58754  -36.3209  36.371  0  0  0  0  0  128  129
25  1  1.28134  0.441584  2.08177  2.50589  0.33  0  0  0  2.34037  130  0
26  21  0.0197026  -0.8117  -90.5784  90.582  0  0  0  0  0  129  106
27  2101  -0.00807446  0.862196  1393.39  1393.39  0.57933  0  0  0  0  0  132
28  2  0.611126  -0.375777  204.568  204.569  0.33  0  0  0  0  127  0
29  1  0.447236  1.3913  -0.992226  1.79698  0.33  0  0  0  0  132  0
30  -1  -0.271129  -0.445315  52.5881  52.5917  0.33  0  0  0  0  0  112
31  2203  -0.526534  -0.733101  -1031.17  1031.17  0.77133  0  0  0  0  0  130
32  1  -0.526678  -0.47661  -533.779  533.78  0.33  0  0  0  0  120  0
26  14
1  21  0.270778  44.7012  33.1261  55.6382  0  0  0  0  0  104  101
2  21  -3.90956  -5.59974  -12.0616  13.8608  0  0  0  0  0.0367364  106  103
3  -3  9.42389  -22.1446  312.226  313.153  0.5  0  0  0  0  0  102
4  21  -6.2291  10.6049  3.03203  12.6673  0  0  0  0  400.18  109  104
5  21  3.20956  -29.228  -4.64608  29.7685  0  0  0  0  0  108  106
6  3  -3.29767  0.495296  158.629  158.664  0.5  0  0  0  6.21176  107  0
7  21  2.44023  -6.12058  14.1617  15.6195  0  0  0  0  0.0766714  110  108
8  21  0.787854  7.58307  3.57646  8.42109  0  0  0  0  400.386  105  109
9  21  -1.25229  0.481037  1.78689  2.23442  0  0  0  0  0.338022  102  110
10  21  0.750186  0.594317  -173.388  173.391  0  0  0  0  0  103  111
11  2101  -0.722452  -0.625018  1860.72  1860.73  0.57933  0  0  0  0  0  107
12  2  -0.865172  -1.04136  89.3393  89.3501  0.33  0  0  0  0  101  0
13  2  -0.441047  0.287526  -310.651  310.651  0.33  0  0  0  0  111  0
14  2101  -0.165199  0.0118778  -1975.86  1975.86  0.57933  0  0  0  0  0  105
27  27
1  21  29.378  -8.72996  13.8805  33.6445  0  0  0  0  0  115  102
2  -2  -5.91344  0.605595  -33.8802  34.3993  0.33  0  0  0  0.622489  0  106
3  21  5.85652  -8.91495  -8.04335  13.3593  0  0  0  0  161.819  102  125
4  21  -12.7418  3.0023  24.7387  27.9888  0  0  0  0  161.929  104  114
5  21  -34.379  19.121  -129.528  135.37  0  0  0  0  0  106  123
6  21  11.9648  -0.781163  10.5072  15.9426  0  0  0  0  0.517685  119  110
7  21  2.06365  -0.313471  25.6586  25.7434  0  0  0  0  163.542  117  122
8  21  0.781405  -0.046094  -3.19298  3.28753  0  0  0  0  0.623573  103  118
9  21  0.377599  -1.33711  57.1572  57.174  0  0  0  0  170.279  105  127
10  21  0.324574  -0.368639  330.255  330.255  0  0  0  0  0  120  124
11  21  2.72231  -0.797144  1.72109  3.31792  0  0  0  0  151.757  110  115
12  21  -3.18563  0.457513  93.8045  93.8597  0  0  0  0  151.614  108  117
13  21  -0.553059  -1.75311  -1.88915  2.63594  0  0  0  0  1090.47  125  116
14  21  0.646834  0.427059  220.634  220.636  0  0  0  0  0  127  120
15  21  1.4795  0.118776  -72.9144  72.9295  0  0  0  0  0  109  101
16  21  0.957075  0.702782  -16.1286  16.1722  0  0  0  0  0  113  109
17  21  -4.53935  1.19491  15.418  16.1167  0  0  0  0  0.362977  114  105
18  21  -1.89501  -2.24608  -1.58956  3.34105  0  0  0  0  0.145734  116  104
19  21  1.63252  0.940703  -3.89199  4.32408  0  0  0  0  0.429512  118  119
20  21  0.91804  2.8029  5.11123  5.90116  0  0  0  0  0.415605  122  113
21  3  1.83342  0.315252  -14.4047  14.5329  0.5  0  0  0  0  123  0
22  -3  0.17726  -1.01668  -2.41637  2.67468  0.5  0  0  0  0.827783  0  103
23  2  1.29446  -0.359361  46.6193  46.6398  0.33  0  0  0  0  124  0
24  2101  0.84571  -0.440421  1641.06  1641.06  0.57933  0  0  0  0  0  108
25  2  -0.203463  -0.671882  -1490.51  1490.51  0.33  0  0  0  0  101  0
26  2101  -0.0495702  -0.941571  -543.51  543.511  0.57933  0  0  0  0  0  132
27  2  0.206547  -0.971106  -164.669  164.672  0.33  0  0  0  0  132  0
28  24
1  21  -0.773742  -0.439751  8.66071  8.70632  0  0  0  0  2.0761  104  115
2  21  -13.6141  -10.7733  56.5105  59.1173  0  0  0  0  2.26838  117  103
3  21  7.49115  12.2686  -2.88228  14.6609  0  0  0  0  7.66101  105  119
4  21  8.49528  -8.2981  23.5128  26.3416  0  0  0  0  0.0618587  106  102
5  21  5.53549  4.32723  57.171  57.6012  0  0  0  0  2.5496  118  106
6  21  6.00354  0.053939  117.518  117.672  0  0  0  0  1.04551  108  107
7  21  5.74063  -4.87274  144.773  144.969  0  0  0  0  1.39459  109  108
8  3  7.56263  -2.32244  -7.89369  11.1869  0.5  0  0  0  7.78174  103  0
9  -3  -2.09169  -4.12888  -12.6999  13.5262  0.5  0  0  0  8.02945  0  122
10  21  -2.07414  7.09939  40.6222  41.29  0  0  0  0  0  114  101
11  21  -7.9445  16.1435  101.249  102.835  0  0  0  0  0.961918  115  114
12  21  -1.13939  1.6248  -51.1523  51.1908  0  0  0  0  0  116  111
13  21  -16.0408  -18.0646  66.9332  71.1596  0  0  0  0  0  102  117
14  21  5.48327  0.331603  73.0143  73.2206  0  0  0  0  0.310804  107  118
15  21  1.32665  7.88925  -2.27519  8.31726  0  0  0  0  8.18418  119  121
16  21  -0.786138  -1.30659  291.919  291.923  0  0  0  0  46.5884  120  109
17  21  -2.7128  3.30882  -27.5154  27.846  0  0  0  0  0.536228  111  105
18  2  3.189  -0.311962  -59.9284  60.0149  0.33  0  0  0  0  101  0
19  21  -3.27154  1.06708  -0.0290161  3.44129  0  0  0  0  0  121  104
20  21  -0.248107  -0.887118  -49.6629  49.6714  0  0  0  0  15.5401  122  123
21  21  0.179507  -0.222947  -35.7948  35.7959  0  0  0  0  51.5749  123  110
22  2  0.239007  -0.682526  302.923  302.924  0.33  0  0  0  0  110  0
23  2101  -0.377538  -0.749696  1205.81  1205.81  0.57933  0  0  0  0  0  120
24  2101  -0.17164  -1.05361  -2240.78  2240.78  0.57933  0  0  0  0  0  116
29  41
1  21  -2.75505  7.75312e-05  -0.151979  2.75923  0  0  0  0  0  104  124
2  4  40.5705  -2.07875  297.937  300.698  1.5  0  0  0  0  102  0
3  21  -18.729  0.233598  626.437  626.717  0  0  0  0  0  101  105
4  4  -2.77591  2.94913  14.9289  15.5411  1.5  0  0  0  20.6332  106  0
5  21  -0.819837  4.04185  -1.62658  4.43334  0  0  0  0  0.0531028  107  101
6  21  -9.84272  -4.88485  -6.16772  12.6009  0  0  0  0  0.137469  127  107
7  21  6.15327  0.359776  -78.793  79.0337  0  0  0  0  0  130  108
8  21  -7.26493  -1.13916  0.874256  7.40549  0  0  0  0  0.32229  124  127
9  -4  0.526954  -2.19591  21.1317  21.3049  1.5  0  0  0  0.92806  0  103
10  21  -0.959238  0.484776  -30.6124  30.6312  0  0  0  0  1.48142  103  130
11  -4  -2.28859  0.707758  2.54839  3.80564  1.5  0  0  0  21.1744  0  104
12  3  -3.71853  1.14839  6.82063  7.86875  0.5  0  0  0  0.130589  109  0
13  1  -4.55281  -3.00897  -49.0211  49.3251  0.33  0  0  0  0  110  0
14  -3  4.43323  -1.36629  0.111978  4.66721  0.5  0  0  0  0.181837  0  116
15  21  4.19825  4.629  247.82  247.899  0  0  0  0  0  111  143
16  21  3.0548  -2.18664  4.79491  6.09133  0  0  0  0  0  115  136
17  21  -2.09176  4.32127  1.24291  4.9592  0  0  0  0  0.0606336  113  131
18  21  -3.3925  -1.33825  -0.429658  3.67213  0  0  0  0  9.57929  114  140
19  21  1.89208  0.743484  -24.5072  24.5914  0  0  0  0  0  128  146
20  21  -1.72864  -0.954466  0.802418  2.13145  0  0  0  0  0.23481  131  114
21  21  1.39759  -0.442918  4.31297  4.55534  0  0  0  0  0.963284  136  133
22  21  3.30776  -2.57704  1.26098  4.37863  0  0  0  0  0.0679438  116  115
23  21  -3.73153  1.80334  8.29422  9.27203  0  0  0  0  0  119  109
24  21  2.21719  1.47031  -3.37771  4.29962  0  0  0  0  1036.8  120  145
25  21  -1.60809  -4.44589  -23.997  24.4583  0  0  0  0  1036.62  122  110
26  21  1.1439  3.32189  -1.67576  3.89251  0  0  0  0  291.716  125  138
27  -1  -1.51096  1.50569  78.7555  78.785  0.33  0  0  0  0  0  106
28  21  -2.11477  -1.6871  -218.779  218.795  0  0  0  0  0  123  135
29  21  -2.174  0.29097  -14.0168  14.1874  0  0  0  0  10147.3  135  122
30  21  0.79028  0.990866  1.13421  1.70082  0  0  0  0  10147.5  133  113
31  21  1.46392  -0.871988  68.1009  68.1223  0  0  0  0  0  143  119
32  21  0.592034  -0.449819  -2.48397  2.59287  0  0  0  0  10149.2  145  128
33  21  0.84314  1.36326  -236.366  236.371  0  0  0  0  0  146  142
34  21  -0.823636  -1.32486  -1.98377  2.52368  0  0  0  0  661.069  140  125
35  21  0.990869  1.01164  -0.692847  1.57648  0  0  0  0  660.883  138  120
36  21  0.0855422  1.30944  46.0425  46.0612  0  0  0  0  0  121  111
37  21  0.497726  -0.187048  -73.5772  73.5792  0  0  0  0  0  142  123
38  2203  -0.275871  -0.596523  904.936  904.936  0.77133  0  0  0  0  0  102
39  1  -0.108729  -0.0446425  19.028  19.0312  0.33  0  0  0  0  108  0
40  1  -0.632769  -0.805688  127.842  127.847  0.33  0  0  0  0  105  0
41  2203  -0.259199  -0.0997475  -1716.9  1716.9  0.77133  0  0  0  0  0  121
30  68
1  21  -0.778694  -7.70971  76.2594  76.6521  0  0  0  0  0  106  105
2  -3  9.41492  34.6986  -50.3379  61.861  0.5  0  0  0  0  0  169
3  21  1.75856  4.34081  10.9404  11.9007  0  0  0  0  178.246  104  103
4  21  -4.62333  -14.9086  31.489  35.1454  0  0  0  0  0.291623  105  136
5  21  -8.32105  -13.8352  56.6243  58.881  0  0  0  0  0.326348  103  106
6  -2  0.615598  5.11481  13.1784  14.1534  0.33  0  0  0  178.439  0  113
7  3  4.4193  -2.83586  -5.22109  7.42173  0.5  0  0  0  60.0029  108  0
8  2  -5.19959  -2.09209  7.08031  9.03616  0.33  0  0  0  178.524  102  0
9  21  2.46732  3.39328  16.8947  17.4079  0  0  0  0  178.803  138  127
10  2  3.58826  -4.98521  -374.807  374.858  0.33  0  0  0  0  101  0
11  21  -2.05037  0.988309  4.40162  4.9553  0  0  0  0  0.500115  120  145
12  21  2.08249  -1.65198  16.2522  16.4681  0  0  0  0  179.333  107  130
13  21  0.891015  -0.559024  659.39  659.391  0  0  0  0  0  139  135
14  2  -2.87246  -2.65144  11.5534  12.2013  0.33  0  0  0  0  114  0
15  1  1.76428  5.04226  -6.79023  8.64599  0.33  0  0  0  0.0905366  109  0
16  21  0.567272  -1.70224  2.55041  3.11834  0  0  0  0  0.53595  152  167
17  21  -0.500005  4.22441  12.8823  13.5665  0  0  0  0  453.924  113  133
18  -4  -1.36503  -2.02735  2.38241  3.72819  1.5  0  0  0  454.227  0  131
19  4  -1.46112  -2.26021  3.16542  4.41739  1.5  0  0  0  18101.9  119  0
20  21  2.84835  -1.85632  4.66616  5.77339  0  0  0  0  454.016  141  121
21  1  1.39682  0.358153  167.198  167.204  0.33  0  0  0  0  112  0
22  21  0.548403  1.14551  -318.294  318.297  0  0  0  0  0  111  115
23  21  -1.87734  1.99707  -35.6292  35.7345  0  0  0  0  1.76334  118  157
24  21  0.566535  -1.16681  -899.631  899.632  0  0  0  0  0  116  111
25  1  -0.43049  -1.45744  -46.1074  46.1336  0.33  0  0  0  9.46118  117  0
26  21  -0.0999008  0.963056  -95.8562  95.8611  0  0  0  0  17492.2  115  153
27  21  -0.493487  1.32826  -69.7127  69.7271  0  0  0  0  9.85645  153  125
28  -3  1.21067  0.0749117  -1.86491  2.28018  0.5  0  0  0  0  0  117
29  21  0.624196  0.373028  0.792469  1.07554  0  0  0  0  0.122479  121  154
30  21  0.75288  -1.60855  -12.9005  13.0222  0  0  0  0  0  123  129
31  21  -1.90765  2.08449  -46.5763  46.6619  0  0  0  0  0  125  118
32  21  0.491931  0.274504  7.72392  7.74443  0  0  0  0  0.332196  127  155
33  21  1.41221  -2.61032  24.6277  24.8059  0  0  0  0  159.124  133  107
34  -2  -0.405739  2.88889  123.05  123.085  0.33  0  0  0  0  0  112
35  21  -0.0201147  -0.452678  -1.67996  1.73999  0  0  0  0  3.43074  128  123
36  21  2.68103  -0.0665716  -39.4028  39.494  0  0  0  0  0  129  147
37  21  -3.50962  -1.12495  5.26375  6.42573  0  0  0  0  0.279241  131  102
38  21  0.857051  1.02037  5.14237  5.31222  0  0  0  0  3.45251  130  138
39  21  -0.165233  0.983348  -4.76976  4.87287  0  0  0  0  2.01432  132  134
40  21  -0.607154  0.963511  -9.98685  10.0516  0  0  0  0  4.98201  157  149
41  21  -0.585539  -0.514726  -40.9656  40.9731  0  0  0  0  82.9196  162  101
42  21  1.86125  -1.22089  -7.35468  7.68415  0  0  0  0  0  134  108
43  21  0.247063  -1.46434  2.2379  2.6858  0  0  0  0  0.114905  136  152
44  21  -1.84993  -0.685933  111.447  111.465  0  0  0  0  237.109  140  104
45  21  -1.18735  -1.53027  188.106  188.116  0  0  0  0  0  135  140
46  21  -1.7506  -1.61399  -0.897084  2.54447  0  0  0  0  902.504  145  128
47  21  -0.0241461  1.43758  1.92261  2.40076  0  0  0  0  902.414  143  120
48  21  0.274729  1.18368  1.82671  2.19395  0  0  0  0  903.078  154  143
49  21  0.531407  0.745129  20.9871  21.007  0  0  0  0  867.918  155  163
50  21  -0.179846  1.70267  151.395  151.404  0  0  0  0  0  161  114
51  21  -2.965  -1.78243  -113.861  113.914  0  0  0  0  0  147  162
52  21  -0.20599  1.519  -17.9892  18.0544  0  0  0  0  2.53036  149  132
53  -1  2.04762  0.757588  -2.38196  3.24797  0.33  0  0  0  0  0  150
54  2  -0.284922  -0.595733  348.256  348.256  0.33  0  0  0  0  150  0
55  21  0.108709  0.499737  30.5823  30.5866  0  0  0  0  40.4135  163  161
56  21  0.8283  -1.89425  1.68863  2.66941  0  0  0  0  0  167  141
57  21  -0.118987  0.125673  -0.253452  0.306903  0  0  0  0  1.12992  169  119
58  3  -0.284281  -0.905556  282.198  282.2  0.5  0  0  0  0  126  0
59  2  -0.42133  -0.918742  36.2236  36.2392  0.33  0  0  0  0  148  0
60  1  -0.699483  -0.620917  49.0451  49.0551  0.33  0  0  0  0  173  0
61  2  -0.0599762  1.01314  -5.66197  5.76168  0.33  0  0  0  0  158  0
62  -1  0.447608  0.0685907  -280.49  280.49  0.33  0  0  0  0  0  126
63  -3  0.1  0.2  -0.1  0.556776  0.5  0  0  0  100  0  139
64  -3  0.1  0.2  -0.1  0.556776  0.5  0  0  0  100  0  109
65  -3  0.1  0.2  -0.1  0.556776  0.5  0  0  0  100  0  116
66  -3  0.1  0.2  -0.1  0.556776  0.5  0  0  0  100  0  148
67  -3  0.1  0.2  -0.1  0.556776  0.5  0  0  0  100  0  173
68  -3  0.1  0.2  -0.1  0.556776  0.5  0  0  0  100  0  158
